-0.013004 -8.436151 11.584813 0.664792 -1.098259
1.993383 -0.597884 8.913312 5.407246 -7.268796
-0.236628 6.870031 0.904267 1.330060 -3.265966
1.532668 -2.043298 -4.983127 4.853498 8.425384
-5.307181 -3.986362 0.616931 -5.274695 -2.721685
-9.429369 4.326485 -9.755902 -11.764721 0.325328
-0.565981 3.216572 -2.308901 5.344876 3.415000
3.639957 1.567175 -3.901256 4.825497 3.387182
0.698470 1.034332 -1.167068 -1.299091 -2.337209
-1.198513 1.846487 3.820410 3.837796 1.467019
0.471089 -6.959170 6.187330 -1.353501 0.442115
2.539115 5.007181 10.267452 5.307198 -3.660211
2.953497 -3.309287 -1.670545 0.130932 1.601240
1.677365 -4.007341 0.781169 -3.922590 2.674579
-7.658890 2.677923 -3.652802 -5.092946 -2.548957
-3.207563 3.104714 -7.186148 -6.668047 3.471048
-2.954649 -1.184324 2.751624 -6.166998 -4.005150
1.376772 0.996066 -3.110657 0.797855 1.622583
-4.766837 2.699035 -7.223731 -4.701119 -1.170502
-5.527088 10.889489 -5.195013 -7.130489 -0.710115
-4.476849 3.178105 -14.561275 -6.097308 1.583447
7.140034 5.271060 -1.995550 8.402016 -0.807471
-3.675169 3.386937 -0.176163 -0.152460 1.320753
-11.874192 4.735618 -3.595769 -6.535996 -8.772038
0.093876 2.725687 0.282872 -0.439974 3.340861
0.501674 0.250783 4.645699 5.091716 -1.599074
0.236795 2.487319 -1.068402 -2.177991 -0.732798
1.137087 0.764949 3.350382 -0.915788 -1.194991
2.115420 2.659260 3.109715 4.848784 -2.716177
3.882265 5.680357 0.716717 0.781966 -1.160132
2.815092 -1.311180 0.180982 3.504670 -2.373663
-1.350333 -4.421172 -0.696719 0.047978 2.022102
4.166275 2.204212 -3.682730 1.864890 -1.795539
0.471164 -6.212064 4.842891 -0.526061 -5.741327
-5.268149 3.232129 -2.190203 -2.871149 -1.889527
1.615600 -5.826810 -1.724333 2.478165 -1.337756
-0.729359 -1.666438 2.689911 0.360004 -4.870029
-2.127949 4.591548 -8.658875 -0.474268 7.050116
0.291184 -1.705203 1.287162 -6.117892 -5.831107
3.675005 -2.433613 2.579898 5.382915 2.276972
3.054634 3.323212 2.422880 0.413074 -1.452807
-6.544499 -2.216602 -5.474113 -5.424593 -2.117834
-0.663315 3.360277 -1.965634 -2.980869 -5.108759
-1.996683 -2.918283 3.176166 -1.268384 -2.054360
1.745829 -0.060959 0.942887 4.290649 1.551280
2.954397 -3.104358 -1.690409 2.796860 1.520463
-5.193425 0.872039 7.099481 0.246747 -3.961472
-4.398769 4.345687 -9.857152 -2.686613 3.243974
10.727372 0.160309 9.927240 6.075124 -8.559384
-1.859534 -8.217168 2.977448 -0.966305 -2.246508
9.322867 -0.042384 7.339064 3.365279 -2.742087
4.844915 4.342397 3.963289 2.623590 -1.577966
0.405309 -2.221815 3.292982 1.760072 2.573240
-1.977102 -0.627791 8.389547 -1.137772 -11.115966
-1.578135 0.081703 -0.649064 -4.381238 -5.258174
-4.316005 -6.887703 0.300543 -1.072667 0.405854
0.206173 -3.796884 4.037809 2.152710 -0.670796
0.241887 7.989391 -5.206872 0.854716 4.558085
5.399689 0.446758 -3.759227 -4.850742 5.855793
4.811188 1.924737 0.522724 5.062560 0.286076
-1.078465 1.122377 4.035658 1.519350 -1.290758
-1.383909 -2.235845 -9.588877 -5.030171 2.843385
-7.817792 6.548253 -9.687903 -5.509531 1.805956
-7.076163 -3.937202 -5.491585 -1.826043 1.192449
-1.364317 2.283421 -2.535600 4.625586 -2.084538
3.582979 0.494909 2.286347 -4.171801 -0.357724
-2.620837 2.235386 1.141404 -1.051577 -0.258121
3.757824 1.181752 4.760084 3.055922 -4.691383
-3.161457 5.322127 3.488421 -0.109892 -3.519469
3.070899 -2.466554 5.566969 -0.090404 -2.887816
-0.280005 1.092737 -7.100207 0.152397 1.754649
-5.942638 -1.406750 5.589461 -3.052481 1.530752
-4.589972 4.488324 -5.710029 -4.219481 -1.082844
1.167565 -4.705496 1.282789 0.077001 2.956077
-5.550979 -1.114977 -8.867642 4.924433 4.370283
-1.762142 -8.138192 7.418268 0.531783 -5.915702
1.488912 -3.487671 1.371844 0.683422 1.929988
-1.919093 -4.040526 -2.310225 -0.892870 -3.039459
4.626926 -0.549040 4.425594 1.547093 -0.358751
1.828112 -4.228005 -1.201018 2.132982 4.744540
4.581590 -3.109141 2.648185 3.463092 0.785219
-1.790825 -0.407056 -3.575253 -2.716393 -1.947976
6.206418 -6.013152 1.858185 -0.446501 -0.443519
-1.695072 0.047923 -2.248446 2.752788 -0.478701
6.945234 -0.651116 5.589878 6.742299 -0.339851
-8.116929 1.358880 -4.206463 -3.451370 -0.760151
1.137393 -0.568040 6.629556 -3.782061 -11.790134
-9.468872 -3.599099 2.055895 -4.528780 -5.226455
-7.299756 -2.099147 8.164067 -3.444547 -1.870773
-8.686028 1.952962 -4.565254 -9.986976 -2.695251
-1.173490 -2.100022 12.261828 1.299108 -4.603126
7.182860 -1.575180 2.836675 5.394446 -0.070507
-10.950620 1.756206 -6.031469 -8.560623 -0.656545
-4.112413 2.652789 -1.153295 -3.062216 1.839725
-0.018535 0.673457 0.265511 3.326558 1.199908
5.234355 -0.737122 5.914823 8.730563 2.278447
-3.339698 3.471112 -10.528707 -9.139347 -3.739368
-6.963338 3.808874 3.464637 0.537394 3.996351
7.613907 -5.064612 -1.774835 1.364573 0.656514
1.749147 -1.296828 -3.675626 -1.559411 3.781933
-4.467214 0.334309 -2.236720 -6.969371 -4.258167
0.180640 -0.965951 -6.669848 -0.842733 6.601771
1.805222 -1.559716 0.931894 0.454717 0.466439
4.570223 -1.865975 0.859984 8.318056 3.917924
3.158336 -4.311623 5.167373 0.227275 -3.297898
8.719955 -1.015325 4.731461 5.725536 -1.833214
7.796225 -3.214075 5.293292 10.971194 3.919681
0.180451 4.759065 -0.427970 5.192528 -0.317778
-3.734541 3.079432 -1.989574 -1.737851 2.906518
9.580270 -5.210203 3.902110 6.484367 -2.322734
-5.230625 -4.817816 6.698575 -0.030694 -5.202839
-7.478464 -1.603850 -0.140474 -2.690310 -0.887567
2.028121 -1.725631 1.635305 5.374824 4.245050
2.047542 -1.293914 0.300741 3.304173 -5.379751
-1.155469 -7.076400 -6.659298 -2.553444 7.123712
3.409346 -1.902645 -3.313347 4.813628 4.168308
-1.944056 1.619877 -3.733647 1.139523 1.613835
11.192944 2.101737 5.342693 6.772459 2.081964
3.339017 2.855179 -5.385894 0.050527 1.996339
-6.434442 2.824465 0.807737 -9.347965 -6.132325
1.797856 2.422633 -8.894780 2.094606 3.438554
3.165820 0.345424 -0.170926 2.685762 4.047977
-1.614023 1.381900 6.445553 5.373080 -2.412108
4.311947 1.360821 1.020175 7.522657 4.864980
-0.245015 6.053743 -4.309231 1.557694 2.914454
-6.003197 -2.979940 4.432258 -4.230070 -2.363871
7.672925 -0.364935 1.733782 5.430502 4.698258
9.359706 0.492160 5.934992 1.091955 -0.692980
0.247245 4.395390 -8.565882 -4.810492 -3.336614
-1.568322 2.839115 0.345126 -1.933463 -4.991780
3.049574 4.295461 -3.167574 -4.284673 1.253968
-2.150888 1.952680 0.404739 0.389861 2.032658
-2.323329 1.581140 6.365383 4.875826 2.535454
-5.571497 -2.600745 1.738866 -9.163530 -3.392437
-1.782721 -0.167252 0.700996 -0.239429 -1.372617
0.247835 -6.192311 4.169170 0.145093 -3.059642
-3.471076 -0.968750 6.791841 0.361962 -8.189408
1.432885 2.299410 2.746031 2.092889 1.411817
2.851110 -3.088341 6.827021 3.103375 -4.955069
0.841040 -0.824009 5.416598 1.841016 -4.750530
0.980926 0.644281 -3.980730 0.490813 4.518726
-1.872177 -4.734952 -6.947273 -2.164022 2.652334
-9.278051 6.330106 -2.442530 -5.030964 -4.459195
-5.101377 2.411250 0.560732 -5.669548 -4.349701
6.430846 1.564389 -4.137565 1.295958 7.152510
-2.138374 3.145794 -3.601919 1.621482 3.148214
5.172129 3.614299 -5.082493 -0.310110 5.485868
-3.130922 2.972199 -4.700729 4.674485 9.038788
-12.725196 3.841107 -11.416233 -9.054526 -1.214846
-1.080879 -9.285908 5.105330 -0.433081 -4.278240
-4.848697 5.034934 2.382238 -6.672913 -1.752256
-0.629452 -2.961010 7.207639 3.075512 -2.246745
-6.072589 1.076517 4.311412 -6.307647 -2.618542
-5.713628 -3.511551 -3.938817 -0.257777 5.656477
-4.453822 -5.286343 2.098472 6.053416 -0.436575
0.150299 4.943344 -0.109571 0.388156 -5.581652
-2.234177 3.734075 -9.453761 0.208371 -0.633159
-5.415247 5.440671 3.623996 -0.859451 -6.500837
-9.321179 4.919043 1.574320 -6.338686 -4.981547
10.454472 -9.936227 10.404524 6.100349 -6.219546
10.901017 2.957430 3.396541 4.837407 1.456473
-1.872398 0.672285 -6.459531 -4.298645 -2.471328
1.374819 7.955113 0.475332 -0.693046 -1.639612
7.639864 -3.117118 -4.193236 6.709540 4.576890
12.117455 -4.530882 -0.653667 3.356667 -0.094996
5.917703 -3.470502 8.213627 2.189634 -6.260151
4.671945 2.948844 5.241036 -2.722482 -6.407269
4.243776 -2.346036 1.398386 2.112911 -3.411104
7.264164 0.187186 -4.343451 -0.576899 2.725525
-7.220629 2.169028 -0.911392 -0.986866 -5.162294
1.059013 -11.341233 8.497600 0.322544 -0.277576
3.732348 -0.905709 -2.980813 -0.678812 0.210544
-0.520111 -7.044646 1.584766 5.447523 5.088744
-4.567026 -3.360454 10.257646 0.176251 -11.238855
-2.714317 -1.787175 -2.326604 0.100918 2.729600
2.407767 -3.551656 5.574979 2.523187 1.454485
-2.559239 -2.550400 1.078694 2.647018 -3.541915
-1.003354 -3.256897 -4.118341 -0.016743 4.220206
1.135932 -4.246508 4.451930 2.318508 1.405824
7.808419 -0.404321 10.208270 9.780160 1.320350
-3.941111 2.605033 -2.053638 -3.614307 -4.622222
-0.687569 3.026260 -4.774359 -2.067428 -0.201190
-0.067420 1.228816 5.272012 -2.905481 -6.257422
-9.238563 0.434571 -4.282429 -6.528652 -1.168175
-4.450106 2.329247 -4.420257 -10.749525 2.368027
1.784412 -8.447300 -2.485666 5.280809 0.478802
-3.964799 5.707056 -0.899193 0.967861 -0.989933
5.401428 2.102803 -1.250105 4.294622 2.415444
9.779615 -0.061932 10.634482 7.517498 -1.774869
2.543499 -2.833886 2.254076 -0.478357 2.122147
-2.926149 1.570277 -3.178296 -5.522254 3.071041
10.385935 -6.768422 0.456443 6.700372 2.797793
4.872696 1.261464 4.537207 1.498556 2.131697
-2.070766 -8.161724 1.504994 0.010658 0.165670
3.036849 -4.947015 0.387360 8.189369 0.969290
-3.201210 -1.773687 1.331526 -2.174911 2.577485
-1.158641 -5.791361 3.357961 4.504714 -0.777494
4.739986 -0.300195 2.222230 1.890156 -0.257333
0.606971 0.063187 -7.989330 -4.263356 7.385661
-12.558922 6.852652 7.721053 -5.235798 -4.155526
4.638281 3.507682 -3.952089 2.259858 0.875048
3.955086 -7.019116 9.875211 8.976977 -1.940003
-3.614256 -9.524459 -1.019072 -1.029520 -1.992445
-4.951468 -1.579236 4.696783 -1.727109 -4.631988
-5.608024 2.959265 -0.454019 -3.727054 -2.038281
7.406053 -2.499168 -0.517971 -2.665023 -2.678908
-0.534998 -4.971517 -1.706401 -2.907002 -2.710985
-4.501571 -3.064953 5.268128 -1.339975 -4.726447
-3.766266 1.000596 -2.249157 -1.378652 -1.196324
8.530186 -11.498500 12.949125 5.126315 -0.499420
-1.043290 -3.793619 -1.601600 2.573957 4.386723
-11.402806 -3.832547 -10.407006 -12.115702 -0.284996
0.876275 -3.678243 -1.754986 -2.461991 2.453870
-2.423109 -3.342117 10.372879 2.150174 -3.804056
1.082005 5.303622 6.629816 1.604131 -2.662497
1.766839 0.926014 -0.156933 0.721351 2.138668
14.026969 4.991476 3.622170 4.909944 2.860691
-4.289517 -0.293439 5.289966 2.444725 -3.996426
-1.143909 6.000874 -1.582377 2.250310 1.536416
-2.110030 3.825843 3.905950 -3.597242 -5.574330
-1.110111 -4.264262 3.521822 1.639162 -0.918395
-1.192946 -2.553434 5.070298 2.572480 -1.453936
7.405721 1.849361 1.377290 -2.345580 -1.380561
2.954102 -0.193796 6.392830 3.043090 0.783537
2.531281 3.452445 -3.278776 -0.324546 8.533397
-4.588080 0.038439 -1.882863 -4.972338 -0.673853
6.162087 0.374028 -1.005476 3.482648 -2.879231
6.835694 0.422830 3.280289 1.553200 1.171701
3.245262 1.704480 2.228214 -1.781385 4.141277
0.769124 -2.607937 5.556874 2.528351 -2.789021
6.538312 -2.421910 1.768697 0.321803 -4.736206
5.197047 -0.143377 -4.701429 -0.923816 4.398164
2.036389 1.825754 -2.278625 7.495237 2.005092
2.750938 -6.353738 4.035925 2.941617 -7.514373
2.745448 -0.561773 -3.202567 4.366502 4.212680
-5.651715 -2.674556 -10.491517 -5.644244 5.866482
-5.380876 5.094081 5.598892 -1.645056 -0.138697
1.759759 2.346747 7.157364 3.818599 1.993665
8.007542 -4.927019 -4.761531 5.932330 13.236852
-0.251232 -0.705305 6.078369 -0.630070 -4.776577
2.634441 -2.740784 -0.150427 0.090468 -3.462633
2.965544 -0.851577 0.549644 0.755542 -0.134745
-1.818662 0.613999 -9.205151 5.119824 6.397307
-1.150135 3.929192 3.730181 -2.381013 -0.969800
-0.646509 -1.394909 9.379420 0.332703 -8.617371
0.023017 -1.097015 -2.001987 1.767538 0.065970
4.732223 -3.662819 0.738644 6.529673 3.028335
3.046862 2.933129 0.187287 3.192326 2.278356
-0.393827 -11.873541 -0.408012 0.760567 -0.803326
-3.724569 -5.208842 -10.597003 -2.904719 7.373176
-2.328331 1.782876 3.732025 -3.640398 0.174794
-5.194397 -1.006902 -7.772561 0.990570 2.440581
7.827560 -1.540670 1.569571 7.547910 1.218853
0.468552 -4.605585 4.278831 -0.023487 -5.253330
-1.030277 4.358540 -10.018157 -2.478952 0.466807
2.712899 -6.229835 6.007706 9.892540 -2.256113
1.478109 -2.762486 -3.367081 0.617256 6.645856
6.886925 -2.599246 -3.116547 3.612511 10.045760
3.958209 4.565781 4.359202 4.303064 -1.895380
-1.710832 -9.930117 8.014956 1.733746 -3.587010
0.174923 -0.849510 -3.729141 -1.501187 2.501228
0.100055 1.146125 8.151944 6.443753 0.037251
4.403877 1.300787 9.669746 1.913512 -4.867243
-5.058876 0.217056 7.629320 0.482915 -2.551870
-1.609493 -1.015479 -4.340718 -2.010204 -3.745980
-0.992962 5.637173 3.193938 1.416438 -0.756254
2.414401 5.184081 1.960404 1.298596 -1.732726
6.426867 5.040438 -0.850909 2.850947 6.225136
-12.871759 -6.143788 -5.732146 -10.345610 -2.962515
1.082302 1.843381 1.059122 3.089791 7.047542
0.230956 -0.518368 -4.282982 -1.740784 -0.153924
-2.269275 3.054175 -2.624500 -1.488526 0.256659
9.660522 1.024326 1.571665 7.399092 1.258744
2.237746 -1.212754 2.412828 2.851116 0.650048
1.294896 4.935428 5.581703 4.146994 -3.539214
5.110189 3.708622 -3.489619 4.223577 5.570835
6.667282 0.387726 3.443070 2.103625 4.611798
-9.017759 -4.318499 7.793011 -5.276378 -5.135399
2.449017 1.072389 2.138423 -3.406584 -1.373583
-4.215978 4.175944 3.239812 -1.956731 -3.193760
3.596659 1.117361 0.674273 -0.026558 -1.257523
-2.741677 -7.466451 -2.483026 -0.035181 -0.322565
-5.629658 -4.107063 -0.923741 -1.876796 -2.208563
-6.128966 -3.008723 -5.246368 -3.354700 4.299939
-3.534538 1.569921 1.713938 -6.501108 -3.800759
-5.362791 -6.566755 -1.713229 -7.324549 -0.395080
5.150171 -0.904030 -0.907109 5.815383 4.162980
8.519427 -3.731717 5.809060 4.229445 -4.401455
3.602072 0.203095 2.537763 -0.039772 -3.206937
-0.656905 -9.524810 -10.222819 -3.122892 -1.907211
13.198411 -1.319053 7.430115 13.253708 5.431613
-3.524786 3.352823 2.753526 -3.017451 1.675440
-3.737153 -0.546996 13.124791 -5.414158 -2.767114
1.981652 4.103144 9.589121 3.237725 -4.740301
-0.752644 4.026654 -3.690230 -0.495803 0.195864
1.495573 4.118492 -3.365987 -1.974470 4.150356
-3.983824 -2.873975 8.013825 -2.567651 -11.589483
0.990948 5.783050 -4.578084 2.100617 -0.505478
1.835828 -5.815111 -1.001062 -2.247325 -1.052863
-3.267175 2.128458 -9.412755 -3.790732 1.464698
1.245119 4.498772 -10.535073 -1.393990 4.447376
-5.216807 -3.810794 5.299774 -1.387025 -4.335441
-6.480417 -0.884416 -1.959677 0.883809 -2.325737
7.851515 6.822201 3.419269 -0.360790 -5.836830
0.634872 2.098989 6.554963 5.286136 1.243962
0.823142 -1.516106 -0.979089 -5.060030 -0.298260
1.788413 -5.026623 3.212196 -1.549997 -4.462321
-0.549444 -2.285009 -2.159248 -2.036316 -0.683469
-8.535852 -1.719797 3.989041 -7.654524 -8.472191
-0.288049 -3.426662 9.122019 1.024485 -0.881294
5.355584 -1.048330 4.161864 1.006022 -6.615342
8.019499 -2.240225 11.260175 9.962527 -3.086456
4.354983 -8.780806 2.007067 -0.849886 -3.465850
2.432225 -5.466108 6.080529 5.435166 -0.652060
3.026961 1.556167 4.121042 3.955865 1.564441
-4.836736 -0.742254 -12.336489 -1.255291 0.418115
2.109233 -1.928328 3.429625 2.264375 -2.312133
4.525871 -4.913328 -5.803224 3.194651 4.952081
3.167074 2.441638 -2.943717 5.770658 4.535855
-6.385258 -0.348591 3.249816 2.877157 0.103602
-3.198423 4.314496 -1.258662 -1.485750 -1.205653
1.823818 3.712714 1.026380 -3.700945 -6.101349
-3.970173 -1.346820 1.152423 -2.216084 -0.662128
7.442366 -5.969191 4.435873 6.809889 -0.515366
7.872331 -4.032085 -3.211742 6.658317 7.454905
1.616885 -7.768148 5.347560 3.057802 -0.724697
6.644586 2.526596 -2.448801 5.006809 8.333574
0.648741 0.037586 4.281650 2.687712 -2.625071
5.023749 -5.771982 1.946788 -0.190695 2.619610
8.243134 -6.372597 10.637537 4.477342 -0.694258
-3.933716 2.922518 -12.231037 -2.660013 7.592015
-7.333469 -5.695768 -1.848067 -9.849513 -4.647699
2.992652 4.249633 -4.157735 0.418357 8.318015
3.941067 0.352899 1.982016 4.875985 0.237668
1.586652 1.576395 -6.137142 1.736896 4.047120
0.754867 -5.136612 3.558547 5.727233 0.123703
-0.572538 -6.018818 -4.735162 0.692347 -1.356117
-4.750909 -1.105956 -3.773845 -7.000100 -2.843624
-8.720120 -1.271386 0.420642 -2.489986 1.208360
-0.455806 -5.960851 3.417028 4.471298 3.060454
4.336067 -0.223034 6.961626 1.157477 -5.684482
-0.441607 1.934273 4.323745 3.625062 -5.729985
6.131840 1.051992 2.311249 2.565418 0.871775
-3.732004 0.437080 -4.435899 -2.850445 3.281248
-5.268755 0.475079 0.641308 2.188041 -1.609541
-8.646887 7.823144 -3.632725 -0.182677 -1.669300
-3.984668 1.102238 -5.061462 0.048833 3.871186
-8.015646 -3.023834 -3.381205 -2.410159 -5.027426
-0.867280 -1.242759 -5.187195 1.213531 3.948489
3.253794 -2.205020 -4.249988 1.176986 -0.267758
-1.083238 -5.387986 2.468964 -2.903633 -3.053230
4.384986 1.942120 10.524045 7.719163 -0.578521
-2.719045 0.834691 3.906482 -1.370573 -6.429526
-1.906106 8.200406 -5.440624 4.822701 6.830107
-11.595354 -0.427322 -7.994335 -6.175263 3.136951
4.396157 -6.378228 1.244913 5.068493 -4.667775
1.296999 -2.867040 6.723608 -1.787113 -3.826981
-1.083049 7.451559 -12.996094 -9.495157 6.845009
-5.626559 2.154364 -6.024403 -5.812642 2.771028
0.290121 3.418867 -9.351798 3.694814 0.302093
2.010518 -5.040470 -0.696261 2.241927 3.436796
-2.746669 -1.663110 2.172690 4.115340 4.661524
3.142907 3.652243 3.765220 6.931465 -0.112137
-3.042794 4.217922 8.506360 -0.859624 -5.556992
-5.208887 0.763291 5.404639 -7.214618 -7.975901
-6.358486 -6.341198 4.185326 -1.319904 1.798290
6.826251 -1.571807 4.251352 2.494394 -1.507056
-2.574602 4.245033 -2.580555 -1.521233 0.123847
-3.247793 -3.107453 -2.699225 -1.991577 1.864583
-1.770632 -1.947176 2.220757 -1.049204 -5.625911
0.276633 -0.558396 -6.513708 -5.319890 -4.821986
8.749849 4.770347 4.305162 5.549591 2.446645
-1.712253 4.211293 2.936581 3.255875 4.584328
-6.477126 5.659240 -3.312620 -5.539507 1.759136
1.768719 -2.777086 3.650372 0.241975 5.044573
1.838739 -5.821700 9.228977 9.276236 2.362276
-1.510620 1.410436 8.281101 1.671997 -4.474427
-1.763914 -3.302153 -0.537337 0.838745 0.661022
-4.818382 10.151130 -2.831726 -7.618139 4.194503
-4.863202 5.068696 5.585863 -2.338638 -9.371580
4.011487 3.431875 -2.230746 -1.165012 -0.666500
-1.484463 0.287523 -6.794831 -7.575841 -0.860992
1.497547 -0.699043 -11.717490 -4.798637 -4.138558
6.864062 0.247141 8.358079 4.633956 -4.364008
6.746172 -3.103841 1.366384 5.414999 -2.171734
-2.891183 3.570553 -1.037358 -1.174403 3.693725
-2.217399 -0.365590 -5.785948 -1.117546 1.636112
2.111459 -4.630657 4.974379 1.281612 6.090564
-4.075036 -1.538720 -0.167577 -3.147127 2.925292
-2.008723 0.516639 -0.913777 -2.026929 3.408542
3.681067 3.772279 1.151059 -1.673216 -1.388171
2.453822 0.354032 -0.927068 2.934702 0.958014
14.019864 1.780840 5.734430 8.453101 0.644828
4.476094 -3.847394 10.974769 4.481476 -4.787016
-1.271754 -3.056599 -2.958792 -1.652857 6.228309
0.139059 1.586077 -2.394371 -3.942637 2.623561
-0.962091 8.401021 0.484918 7.794160 4.781885
-4.568219 -0.574377 -7.625095 -4.540512 5.716699
-3.380197 -1.376687 -0.459978 -4.152180 4.612474
0.817440 -1.496882 -1.448119 -1.747895 0.918117
-3.350067 -3.666631 2.328088 -1.852357 -6.136646
4.227870 2.220934 0.254765 0.117607 -0.985686
-0.586680 -1.329261 -0.807952 2.383196 1.093473
-1.931273 -4.564004 5.424531 0.463335 -0.776178
2.331069 -0.093240 -7.504909 7.431106 6.100195
-5.012430 0.007548 -1.786048 -10.326567 -2.157534
2.756726 1.380415 5.134168 4.663228 4.846921
-1.750534 -2.062703 -1.327251 -4.732521 -5.188409
-1.423347 -6.259645 -4.901506 2.966132 5.384810
-6.388699 -2.491862 -14.355861 -11.466403 4.471879
-4.859783 -3.153367 -11.646997 -10.209648 4.481371
-7.319776 -2.606738 -10.892267 -9.540183 -4.499523
-2.630958 0.135741 -1.896641 -2.489591 2.399299
-5.466222 -6.835518 -3.460636 -0.634513 2.603039
0.547752 5.015500 -11.339302 3.425448 6.899184
1.731441 -1.574859 3.448071 10.813784 0.193857
1.223022 6.265634 -7.535323 -3.944215 1.593716
1.199426 2.092862 -3.727139 -1.642889 0.096003
3.006192 -2.792935 10.555663 -1.132977 -7.055300
-1.611503 -5.441260 1.382558 0.583567 0.811857
-10.290854 -0.092497 2.039296 -5.494841 2.032585
-5.101294 0.973479 -0.034984 -0.217880 -0.680044
-4.945721 -6.777386 2.076931 -2.276511 -3.713299
-10.813624 -2.343598 -4.616216 -8.828193 -6.480101
8.451997 0.209613 1.513923 6.242263 6.521131
-1.301051 0.480591 11.736494 5.830029 0.079038
-0.671310 4.635120 -6.761263 -1.302520 3.591954
3.744865 1.191019 -2.411201 2.541561 0.090210
3.566541 3.896770 -0.478322 0.497837 2.923757
8.005245 -0.034786 3.764494 1.506620 5.444309
0.907518 0.862426 4.494488 2.673867 -8.194186
1.928180 -2.660415 -4.510844 -1.602520 -0.633850
-0.401359 3.747017 4.586800 6.112186 -2.499737
0.968938 -0.867991 -1.381830 8.954946 5.966419
5.812554 -4.399239 -9.424157 2.058142 3.890085
-2.220498 2.967582 -1.511297 1.831430 0.194179
-7.287380 -8.879618 3.549125 -7.753938 -2.368930
1.456015 -2.433103 3.330292 2.258608 -0.940749
-9.923153 2.061957 -0.177685 -6.657291 -3.507724
-4.593104 1.644003 0.842314 -6.355948 -4.046638
-2.076513 0.898552 -1.626477 -3.631815 -0.826961
-4.494918 7.634578 -0.346158 -2.339311 -5.101689
1.219692 -4.247749 0.746817 -0.116174 1.854012
-2.323890 5.938973 -2.478415 -2.297122 -1.199847
2.829293 -2.750081 -3.069143 0.740836 4.587356
-0.409014 -1.459304 -1.117790 -1.122515 2.649877
1.490698 -0.055566 5.220568 7.018470 -0.565754
-1.043439 -0.614547 5.625518 1.780427 -4.058694
-8.850586 0.995408 -2.524281 -5.648687 -2.176617
8.963824 -1.373639 -0.815693 7.622089 4.686154
-5.227476 2.857096 7.374956 -4.654779 -8.929518
4.225512 -2.507308 2.085778 4.427369 -0.319905
0.525449 -4.810350 9.674254 -1.584697 -2.595088
0.193127 6.497345 -8.802824 -1.690007 4.529447
-7.575515 5.214377 -2.191426 -8.870891 -3.252031
5.818346 -4.561853 -1.184371 2.184157 3.352242
1.583925 -2.221393 -3.063217 -3.584986 5.644367
-2.963972 -2.058092 1.180773 -2.632206 -2.805504
3.880186 -1.650949 -2.449039 1.084740 0.287226
9.060867 -6.846115 -0.690195 5.416445 3.546812
-1.066662 -3.981129 4.229756 3.290623 5.258232
-0.599490 -0.482780 -1.066667 -0.840837 -2.831359
-9.338326 5.039408 4.107317 -3.770269 -5.920295
1.062142 8.169674 -8.092738 -4.222511 6.351892
-11.253739 2.654611 1.425767 -9.125371 -6.820953
7.043875 -4.381415 3.351725 -1.327257 -1.125813
1.898937 -1.552341 -7.319584 -0.474851 0.286180
-0.938504 -3.059508 -1.482851 0.698434 3.393729
-3.182945 1.458029 10.436848 0.868938 -4.430121
2.164481 -3.094759 -0.200551 3.128849 -1.696832
4.910537 -7.302831 1.057904 6.650882 1.100263
-1.180066 -3.244012 1.024074 -2.434558 -6.879209
-8.246885 0.663710 -9.656009 -9.372845 -0.486686
-9.880890 -1.970358 3.700458 -1.538872 2.026162
0.767539 -3.651026 0.799629 2.874003 -3.196745
0.148443 -5.961669 -3.847552 -0.564649 0.000023
0.343865 3.190280 3.880964 4.869790 -0.371179
2.824946 1.904231 4.238292 6.296179 4.295653
7.297135 1.491397 6.820906 1.970171 -2.061951
-2.305718 -3.112985 6.948068 -0.894163 -4.028888
3.260562 -6.041778 -7.460844 2.609608 -2.117148
1.870200 -9.091966 5.286339 -0.621996 -3.386762
-3.565764 1.807203 -9.705598 -7.213008 1.622167
0.511209 0.339026 1.098988 3.785122 1.376563
8.636349 -1.579702 -2.233714 5.267353 5.118667
-12.272658 -0.484703 -1.754656 -7.127702 -5.202173
-3.290119 -1.657578 0.962062 -2.459845 -3.722820
-2.833914 -1.805489 -5.955236 -1.492535 3.525492
-12.259739 4.276004 -7.542329 -6.126631 1.235768
1.796025 -6.058842 0.495712 4.104286 1.720715
-1.300885 -1.260372 4.772221 2.601363 -3.499590
-0.709495 4.852202 -7.477459 3.094750 6.152848
1.281037 -3.556010 4.973103 -3.239232 -5.971978
1.594938 1.201611 -1.667436 -0.136193 -2.325345
-5.650334 4.487061 2.639891 -2.466052 -4.213561
-5.408083 -4.852902 -1.211034 -2.747362 -2.986707
4.075582 -1.313323 -4.013176 0.826761 7.738093
-1.613376 -1.522823 -0.390011 -0.044048 -3.568861
1.261178 1.345097 -11.193137 -1.431698 4.768973
4.076358 4.386527 4.686025 1.887575 -2.075299
-4.005574 2.615642 2.709747 -5.784190 -2.945350
2.386065 -4.267228 12.112517 6.764427 -5.426801
-5.331474 -3.330380 3.184779 -1.465650 -1.783618
1.765982 2.105183 -0.564517 -1.297906 -1.686850
-1.168461 -2.010127 2.483620 5.566955 1.313613
-4.893967 -4.404868 2.862399 2.204130 1.999253
-4.388942 5.573152 9.227238 1.971246 -1.759668
2.847442 1.508395 5.820049 4.668911 -5.229503
-2.831501 -0.896092 -3.229465 -5.619419 0.571187
6.872357 -4.115829 -6.929846 1.525680 3.753163
-2.770121 -2.516242 3.717061 -1.916838 -4.025650
8.268935 -4.258399 7.558293 10.638679 -1.846561
2.619251 -2.597390 7.077774 6.036180 -4.282351
5.924457 -2.573102 2.072603 4.118978 2.103514
-3.044077 5.506202 3.505906 -1.062419 -3.514425
-6.116163 -2.834142 6.075097 0.311054 -7.483319
3.327262 -3.673276 4.298103 1.008376 2.770803
1.442178 -2.620637 -0.050640 -1.106813 -2.026853
2.026589 -8.010663 -0.768842 3.438483 -0.645875
2.771668 -0.990177 5.830375 7.337903 1.618821
-2.366065 -0.599899 -4.720444 -1.262880 0.665953
-1.824472 5.754899 2.064881 1.550373 -0.560351
3.879530 2.788655 0.457501 0.600824 5.158590
-2.632712 -0.310533 -1.849117 -7.265805 -5.091542
-6.461210 1.278620 7.351443 1.646454 -6.484611
8.130998 4.671580 11.316122 10.388353 -0.338564
7.082014 1.500950 3.167429 2.299216 0.371657
-3.574520 -0.325700 -0.810237 -8.141064 -7.995350
-11.108108 -4.511570 0.760959 -9.022588 -2.498744
-5.109462 1.195528 -7.174954 -6.717645 2.478365
-4.235156 -1.954091 1.729961 0.234923 2.109008
0.258342 -2.809683 5.621181 -6.260050 -3.842176
-5.371690 -6.321067 -0.131901 -0.069354 0.901792
0.603049 -5.605176 7.663686 4.500801 -3.265607
0.675854 0.036459 -11.089713 0.362160 7.744848
-7.039325 -0.398927 0.304063 -3.973552 -3.901898
-8.162453 -1.090296 -1.645959 -3.711354 -2.536416
-7.929485 -1.199195 3.286297 1.203711 -1.987300
8.282845 4.186271 1.184115 6.215760 -1.707087
-0.383327 4.857002 0.963485 -6.034073 -4.850896
-1.735540 -0.882735 1.896699 -1.309506 -3.369775
0.624679 4.937727 -3.754637 -3.146251 -0.548983
-8.437021 -2.964098 -2.842743 -8.118933 -3.824001
4.785462 0.797602 -5.496823 -0.118079 4.387915
5.191058 5.017651 -1.258455 0.860931 4.190713
-4.408646 2.749758 -2.185090 -1.535088 0.377009
-2.287994 1.483921 6.435397 4.776566 -2.467150
2.107162 -2.012842 2.366261 -1.395310 -1.239040
1.499359 -2.512189 -8.574956 -7.882471 4.419514
-5.179375 -4.173297 -7.070187 -8.188208 4.684009
4.008122 3.173876 0.758395 -0.553476 -1.384865
-4.338213 3.639055 -2.531533 -0.387755 2.711006
3.773126 -0.762934 2.167849 -6.445225 -2.341059
2.505470 2.830539 1.517560 -3.053403 -2.781789
-3.805781 -4.678547 6.035479 1.315176 -2.751513
-7.937376 1.201043 2.010815 -2.070530 -2.450603
1.060007 2.966025 1.743871 -0.458420 -2.575428
0.126719 -5.345184 4.902984 0.988313 -5.753536
1.916490 0.420626 0.725269 7.449330 -0.653028
-2.675532 5.690363 -6.963262 -8.345511 5.367096
-0.118282 -3.651615 -2.445102 0.486756 3.817029
-7.936944 -1.386086 3.188636 -11.692510 -2.684853
2.357687 7.041079 1.210296 -0.276459 4.696135
1.244651 -2.838542 -11.963241 -1.837647 5.377037
1.655836 -2.819678 10.057484 5.196198 0.737164
-2.591862 -0.285352 -0.721885 0.460541 0.213458
-6.606447 -1.430575 -1.323918 -2.573010 -4.884552
4.786555 0.388041 -2.694392 3.005401 3.899318
0.745464 -8.135504 6.450339 2.040673 -6.876639
0.925027 -7.161774 9.683440 1.106596 -6.252575
4.738896 -3.487182 2.195520 -0.904013 -5.613422
-1.211462 1.101493 -0.288656 3.974763 -0.418401
-0.969558 3.331134 -10.682718 0.582053 1.200791
1.718477 -2.681549 -2.508461 5.788756 6.062823
1.107247 4.342171 -3.708656 1.187057 0.148498
-1.200695 -3.074475 2.968772 0.146031 1.791680
-3.430926 -0.478495 1.715325 4.292736 -3.093068
5.685837 5.358496 -6.993693 -0.043578 6.372366
-1.802702 2.331196 -1.227384 -0.218814 2.604632
12.526555 4.875167 -1.225994 8.267244 9.455739
-0.751428 -1.191073 0.166056 0.441632 -0.419723
9.520433 -1.187876 0.938880 -0.661515 1.868584
0.342311 -6.481464 -3.471111 -0.330100 5.328735
-7.247053 5.474101 -5.549030 -5.428953 5.117253
-1.787364 -2.647578 0.800945 -5.407545 2.024591
10.981281 1.605908 5.283014 3.836767 -3.941757
-0.093047 -5.813291 3.942914 2.004293 1.815210
-1.985609 6.221963 -3.163672 4.110372 9.565769
-0.796627 8.617433 -0.869210 0.001066 1.551614
-1.130081 1.938759 -0.018658 -3.640825 -3.255701
0.465396 1.518455 -6.587643 -0.596971 0.889096
-3.926747 -7.616164 1.898978 -3.513326 -2.976750
-0.144235 -1.906744 4.172404 -0.563801 -0.892570
1.617060 -0.451378 5.137803 -1.317684 -0.695304
1.433360 2.826215 3.629129 3.949713 0.618465
3.551228 -3.652583 -0.493430 4.730912 4.260215
-6.672077 -0.163083 3.451163 -1.000333 -1.967312
4.816584 -4.468324 9.246354 6.240667 -2.410513
0.405339 3.534750 5.363013 -1.425186 -10.386119
2.211494 -1.392651 -4.668924 -6.707710 0.854332
-6.545162 0.959631 -0.421201 -1.789450 -3.200980
-2.002562 -2.782600 -3.997920 -5.712139 -9.936284
4.468371 0.496497 5.629052 4.240257 2.749886
-1.431197 -6.352331 3.109032 -1.824186 -1.538909
3.587254 1.476630 -0.954783 3.105251 -1.783694
-1.336570 -0.983956 -6.174645 -2.062745 3.744581
3.108377 2.123638 3.533510 3.097588 0.140788
0.839084 -0.804830 -0.744178 -3.347120 -1.425216
4.494337 2.443721 7.710892 3.687044 -0.398753
4.243997 3.038911 -1.853398 3.055046 2.664617
-7.672945 9.741899 -5.953138 -5.636078 -1.353231
-0.631455 -0.093713 -6.744605 2.844024 0.405667
15.863563 -2.699412 -3.584788 6.280840 8.517959
-2.613450 -0.673860 -6.679888 -2.081565 1.983147
4.133364 5.593716 3.250664 6.263370 2.020578
-4.208218 -10.614536 -1.576792 -1.995112 -0.827510
1.702114 0.549175 4.704417 4.330171 1.312895
-4.756023 7.028871 -3.240806 -1.487256 -0.326018
0.128306 -5.956714 10.600236 1.008199 -8.176244
5.834896 -6.337611 1.324491 7.421079 5.415383
-1.471039 6.892014 -2.296149 -3.028160 0.124780
-4.550690 2.309973 -2.619552 -1.561469 0.049778
8.035941 -1.019363 0.947032 7.409365 4.269385
3.927006 -0.522872 -7.968886 -2.857181 5.628800
-3.097759 -5.932213 -2.475693 -2.429017 -0.072825
-4.534489 -0.936053 -3.898372 1.061725 2.811911
6.314473 -1.530477 -2.636017 2.445136 1.374085
2.955222 -3.091906 -1.902689 -3.073076 1.465436
-2.839928 -4.508364 -0.455181 -0.086012 -0.136332
-13.343465 4.542844 -7.663638 -9.076692 -1.549714
-9.575031 -2.010025 -4.169597 1.228959 0.259791
2.702282 -0.475211 -6.155350 4.367673 5.642748
5.127475 -7.427819 -7.705174 -0.911938 4.888962
-3.329281 0.540662 -1.575820 0.004418 2.264611
9.334160 0.063884 -2.873596 12.893032 6.257898
-0.855747 4.840721 -6.352634 -3.166315 2.568039
-12.833543 6.303758 -8.188734 -11.473457 -2.575089
-12.062040 0.345332 -4.136668 -8.956406 1.924123
10.122228 0.712276 6.259208 9.487827 5.941251
8.476255 3.383384 8.278315 5.565353 -0.731233
1.971740 0.936218 6.543405 2.620279 -2.711073
1.005091 8.904873 2.563276 0.888826 -1.699540
-7.275565 -1.745243 -3.052004 -5.120710 2.649700
0.221009 4.387987 11.463048 3.080051 -3.658411
1.439435 1.156958 4.056960 2.865278 0.583906
2.245535 3.915476 -5.684654 -1.346928 8.895529
1.569062 2.949494 -2.565366 -2.756056 0.172665
5.524024 0.312767 0.341940 -1.605305 2.912406
-5.740588 0.735951 -1.455239 -1.136539 0.014298
-1.294851 -2.677793 -0.706798 -6.106101 -3.152233
0.050217 8.259688 -0.287813 -1.098130 2.017437
-1.909435 1.475635 -8.882278 -3.271046 -0.914075
-0.369336 2.816859 -3.833550 -2.726516 2.387391
-3.715560 -1.842271 -1.931692 -1.666878 1.348352
-4.516598 -7.968915 2.642130 -1.446608 -3.236593
5.234045 0.985530 -2.627636 4.054665 -2.241561
-8.171184 -3.600558 4.681785 -4.647256 -3.281299
2.692881 2.531235 3.090512 5.506755 4.846197
-5.870131 -2.459449 -1.529667 -2.763557 4.229256
2.548879 -4.809439 0.818730 3.494338 -3.782569
-5.479676 -8.931988 3.073821 -4.322911 3.999791
0.627694 8.184492 -1.226850 3.110317 2.576023
-8.876538 0.683025 -7.836349 -10.818873 2.168246
6.810012 -1.491894 4.241610 2.892739 -2.821769
0.704038 -1.160331 -8.045878 0.168172 8.909346
1.254539 0.918427 -5.847117 4.322486 6.167699
7.072771 4.557210 -9.619624 4.495883 4.040670
2.281203 4.764622 -4.243202 -2.741375 1.023478
0.671383 3.382869 -1.140800 -0.359294 -0.823358
5.417553 -1.879356 6.395938 3.818268 -5.412494
4.340282 7.984475 -0.306663 0.636259 2.576534
0.490618 4.901188 0.383558 2.905216 5.057708
-2.028057 3.491861 3.372669 2.383443 0.650132
-0.451310 1.943650 -2.005146 -2.393585 0.317278
-1.761007 3.632634 7.251782 4.814141 0.177003
-12.784594 -1.667141 -4.767725 -9.478312 -6.182291
11.852068 2.394216 -2.392137 6.259047 7.484192
4.797799 4.071930 -5.811549 -5.761417 0.376886
0.871283 -0.163643 -2.751391 2.381518 6.593529
-10.180134 3.155718 -6.141164 -3.715011 -1.566625
1.458426 3.990430 -5.462578 -2.109543 -1.608569
5.173320 -1.749929 7.411664 7.319322 -4.700852
-1.891586 -4.001648 -4.814217 0.952518 4.994612
2.388016 -9.223005 7.812843 1.595766 -1.693433
10.928993 -8.181685 -1.987722 2.362957 4.797765
4.870477 -6.079455 -3.354659 1.470637 -0.718366
5.821361 -6.836940 1.530980 5.993311 4.370475
0.782826 -1.461470 -4.056782 -0.181353 -3.363597
0.777416 3.465645 7.050565 3.629714 -2.335557
4.350912 -0.554211 1.763908 13.237065 4.341161
4.410840 -0.123686 1.572846 -0.158665 -0.741320
1.922733 0.446955 -2.146472 4.562665 5.763609
3.320946 -5.618724 11.754845 3.325205 -5.766282
4.629325 0.203739 8.908109 2.428224 -1.966260
-5.242787 -1.023649 -5.918958 -5.331896 2.100220
-0.138974 -2.872280 17.228900 -3.133282 -12.556185
1.022237 7.082402 2.336547 0.070975 -3.359005
-3.048615 1.190155 2.248229 -6.451684 2.731288
-2.547437 -2.138117 -1.546704 -1.763286 -0.747203
-0.522117 -3.923771 8.129987 4.951524 -4.984360
-5.728713 -5.454480 0.761581 -0.352174 0.720747
6.218962 -7.994054 1.663565 1.289218 -1.620354
-6.440526 -2.955227 -8.246859 -4.296909 -1.148225
-2.957624 7.745419 0.586186 -0.707941 -2.158659
-7.161484 1.795706 -3.338010 -6.418277 1.380579
4.073350 -1.576570 -8.231605 0.199141 10.210867
8.964009 3.653485 -3.813198 0.934528 7.284743
-0.773284 -7.396557 -4.874060 -0.819594 -2.011505
0.468067 -8.692560 2.812217 1.973562 -0.295296
-1.284817 -0.374629 -1.011132 1.478818 0.577387
-0.146263 -1.438206 -1.780378 -3.525553 -4.262523
-5.955047 -0.391331 -2.789088 -3.044730 -1.273444
-5.087791 2.422542 -10.687178 -8.826100 2.480007
-6.048916 0.208794 -2.369275 -5.332013 -5.458358
-11.432168 -0.215477 -0.420713 -12.898444 -8.858777
-1.443076 0.983378 -0.679340 0.999740 -3.480073
2.847575 3.304006 0.841619 -0.076962 2.514704
5.731737 1.897196 0.894109 10.470726 9.297652
7.205048 7.777057 -4.031088 5.963643 6.586061
-3.651713 1.706704 -4.657831 -1.036817 -1.736531
-3.467487 0.348502 1.500338 -2.985762 0.566481
6.305583 -3.736693 -2.316739 5.983914 4.455257
-4.638915 -1.514762 1.885585 -1.596803 -0.715698
-6.473504 -3.036760 -0.528928 -5.978266 -1.760219
-4.808234 5.921445 -4.257373 -5.929703 -3.614077
-7.321548 1.213484 1.944349 1.010961 -3.857584
6.958792 1.752547 -0.181773 3.022912 2.858633
1.572298 2.968724 6.607838 -0.075380 2.496140
0.660310 0.207623 4.886138 6.586269 -0.985141
2.066072 -4.436869 6.387323 1.258557 1.019945
9.242320 -4.543794 4.132420 9.710367 3.724778
3.832675 -5.447664 3.575002 5.696467 -2.365707
2.200041 -3.475126 9.070667 7.842446 1.977908
2.381971 -3.611053 2.848293 5.271770 -0.787097
-4.358921 6.760926 -8.860938 -6.985434 0.506426
4.451293 -0.115831 0.120460 -3.155395 -3.316546
-0.357344 1.704449 -1.560935 -0.450226 0.677543
4.068977 2.141095 2.243682 2.465080 1.698413
-0.665365 -4.886748 -2.914727 -0.819546 -3.900665
5.593882 -3.737521 3.749186 6.682080 0.467528
-4.927998 6.143612 1.701949 -4.330278 -3.916143
3.145922 -0.448656 -2.831677 -2.394588 0.531368
1.167415 0.222418 3.376680 -2.494613 -0.382958
-2.211638 -1.751258 -5.783593 -4.600205 1.154443
6.314184 -2.094229 0.680176 4.748407 2.888879
10.694830 -2.438067 -5.495426 1.322515 5.072167
2.150774 1.151258 -4.995029 -2.368768 0.211043
10.274002 -0.204292 0.314095 4.195497 1.606561
7.481522 -2.756010 7.158904 2.047761 -4.422078
1.523500 -2.006332 -5.062401 -2.775815 5.317961
-2.578716 2.569737 0.046495 -0.779366 3.347694
2.229467 -2.705936 2.589938 1.572022 0.171647
-6.541636 0.526057 -1.620124 -6.706170 -5.732716
3.629875 3.509376 6.374907 4.098901 1.286624
5.190440 2.394618 -5.938802 6.589997 3.465002
8.167909 0.902147 9.809336 8.143955 -3.151925
-2.935498 5.383473 -3.870922 -2.192384 1.422167
2.816821 3.614904 2.060873 4.746494 2.713792
-3.172090 11.347557 -6.630237 -0.750432 1.668122
-6.168919 0.062821 -3.047190 -8.594782 -4.947556
7.101902 4.006752 2.217250 2.612429 2.073173
-0.915699 -2.230527 -0.617160 -0.048155 -2.950781
-0.324592 -0.804087 -1.757040 3.562389 8.272736
2.573093 6.407960 0.199792 -6.508183 -8.296108
2.616218 -4.205696 10.021548 3.782130 0.759980
-0.682214 -8.503263 -2.926359 -5.226100 -3.092346
5.748410 -4.154720 13.388928 4.312218 -1.048007
0.764027 3.697519 2.744591 4.248451 -2.611987
-9.485881 -2.351274 -8.858585 -5.295841 8.638818
5.610604 -6.061574 -1.578337 5.303368 1.581587
0.420384 -0.972280 2.527017 2.427722 2.424722
-5.557116 -2.100994 6.147032 -0.471153 -1.770182
5.038006 4.180332 -1.980585 3.673424 6.298692
0.527480 -0.000165 -11.376882 -3.766584 7.385859
-0.811456 -10.701055 -1.451072 3.045380 -2.914266
-0.459379 -2.841952 1.510449 1.640984 1.028643
4.537082 -7.007778 2.273711 6.717009 0.647766
-3.707110 2.612657 -4.627947 -2.791222 0.682884
-3.770695 1.369052 -12.051283 -3.687492 2.512352
-4.009907 3.407127 -7.461493 0.299001 0.958468
-2.601545 -0.602287 -0.782239 -0.155159 0.895390
0.115193 -4.604297 -6.295437 5.775998 2.109318
0.779236 -0.085151 3.055918 2.324933 -1.584299
-0.095313 -2.509153 9.278309 0.596192 -1.385850
0.465491 2.860688 -5.737644 -2.676535 0.673031
6.238629 2.235504 -0.350884 5.805894 -2.146003
-7.254422 2.268868 -5.198845 -1.988286 6.927606
4.198784 0.594996 -2.904191 -3.726459 1.568521
-2.488002 2.776414 -3.902416 -2.040015 -1.839005
0.022080 5.885437 -1.440319 1.163129 -2.941264
-2.766436 0.259556 -8.807007 -2.789851 -0.580513
-1.239044 -0.311464 -1.553396 2.796839 5.244957
1.502256 -4.942141 0.138921 0.723354 -0.552539
-3.706282 1.629863 7.360676 -0.183421 -6.749413
2.256363 -10.781976 -1.718691 -3.323349 3.283797
-3.148552 2.436461 4.658880 -2.502904 -0.532329
0.430488 4.770037 -2.291859 2.228933 3.353067
-8.652955 -1.027912 -5.253984 -7.387662 1.398328
9.322956 0.839402 -9.203500 -0.414509 4.937903
0.497803 -0.206168 -8.425341 -1.566772 2.398072
1.523338 2.953716 2.777306 1.719655 -7.189459
0.199050 0.064172 -3.478150 -1.734271 5.700612
0.665593 7.601989 -4.080184 3.723119 4.539536
-7.510809 -0.800775 -5.576020 -4.734964 0.404797
1.390042 6.014411 -6.650131 2.441604 4.192045
6.093257 -2.062390 -5.702888 4.697749 3.782846
-2.124405 -7.044170 9.474372 -2.159449 -4.753423
-6.608089 3.231596 -6.719245 -9.487525 -0.617342
-8.160131 6.549635 0.632808 -6.367051 0.211147
-2.092013 3.963727 -0.071505 -5.208883 -4.370985
5.922085 3.764465 6.614072 3.470823 3.766774
-3.413457 -5.413936 1.618479 -4.355923 -1.268662
-0.490475 -1.198809 9.664859 -3.238935 -7.021767
-5.676135 1.113217 5.345619 0.682489 -9.203454
2.357533 -0.913611 -0.195989 -0.720954 4.102714
3.458589 9.434599 -2.653934 2.132824 2.639852
-5.908889 0.149254 -0.357403 -5.832647 -2.987755
1.055799 -3.706190 9.588035 -0.150573 -7.965410
1.798239 -2.420191 -6.913311 0.269012 7.452555
-3.647051 3.889852 2.380206 -5.789030 -0.869576
14.971317 -2.079104 10.368623 5.813016 -1.766737
0.695405 1.367530 0.381683 5.148504 0.430466
-3.451665 -4.606252 -4.714430 -9.277081 -2.107130
-1.562342 -3.598909 -5.960815 -0.964655 3.013445
-3.636777 -1.571756 -4.002459 -6.737572 -0.753111
2.135267 1.797334 -1.174758 -2.105596 -0.627424
2.337278 4.775040 -1.336862 5.239015 10.000593
0.290554 0.632484 -8.469292 -1.520359 1.832719
5.670080 -6.316124 11.903438 6.332383 -3.736153
-1.456971 -6.637939 5.292039 -2.009657 -2.511497
0.432216 5.684642 -5.306739 0.978830 3.012305
5.189297 -2.025682 -1.809075 0.185877 -0.456252
4.417282 0.829569 4.395075 1.403299 0.388961
1.349631 2.246553 -0.849811 -2.901768 -0.732698
-2.957641 -1.385257 2.417268 0.360194 -3.445659
1.106112 -5.732472 8.104419 4.239343 -0.044382
-5.924682 3.907780 -4.894667 -4.671785 -2.581097
-2.698408 -4.477679 -2.012671 -3.950277 -3.135909
-2.324498 0.133807 -4.102954 -3.207956 -3.061441
-1.954729 6.204024 -1.495109 0.041982 -0.830317
1.281271 -1.821636 14.181778 5.399687 0.258374
7.572752 -1.772816 -4.637063 1.808992 1.761907
6.553008 -1.842870 -3.777471 -1.428041 2.053392
-11.734037 4.456428 2.760287 -6.927477 -1.769724
6.810791 -1.241405 -5.281171 5.192071 1.728851
-1.378112 -2.354527 2.337674 -2.780761 -3.074312
-3.371432 2.776591 -0.986725 2.763117 4.054783
6.627512 1.750596 -8.460577 4.867101 6.285393
0.205048 -9.036510 -0.891907 -0.699440 -0.657976
-3.394393 0.126824 -5.055654 2.500834 3.855025
-4.024638 -1.773494 2.458462 -3.722296 -1.102963
4.424396 -3.850383 7.897683 5.146592 -3.363349
4.250766 -4.796740 -0.711172 1.950075 4.457717
5.887190 -1.252799 2.906780 8.754437 1.907732
-0.139831 6.083593 1.994855 2.156400 -1.339099
-0.785264 6.435634 3.854058 -0.376390 -2.993816
-2.000801 3.789945 -0.434895 2.614365 -1.628348
-7.978835 4.738444 -1.739481 -4.546203 -0.549198
-3.009740 0.951696 4.839505 3.507798 -2.995158
-2.993273 -7.210571 -5.363530 -3.055014 3.349301
-3.241254 0.315264 -5.990168 -3.207383 3.294096
3.214713 3.043548 9.209339 4.928558 -6.809520
-0.830382 -2.050174 3.912380 1.862434 -3.049765
-4.301866 -0.978889 -5.184599 -7.798143 -2.884509
6.758557 -0.694565 0.071611 7.966406 2.284781
-0.544652 2.304942 -10.803031 -4.591498 4.312652
2.144369 -4.087667 1.038295 -2.529927 -2.473575
-2.517948 6.900054 0.096127 -6.637225 -4.918599
-4.195337 -0.656081 -3.857988 0.969353 -0.049240
1.575088 -5.432452 14.970490 5.419452 -6.501640
-0.757435 -4.310056 4.836491 3.580046 -3.831842
3.314429 -12.498279 0.063059 3.381369 1.634930
6.236418 -0.785944 7.885393 4.410583 -3.621193
-6.934118 2.940558 0.464202 -2.475315 0.394514
-1.341092 -3.045879 7.601854 3.783518 -3.602649
3.232089 -4.384218 4.787982 5.094180 1.879099
0.735415 -2.853203 -4.446551 2.127056 3.623535
-2.847780 2.955918 -3.229903 -0.022519 4.905901
2.993141 1.698741 6.652278 3.027398 -1.985417
9.576991 -3.523206 10.454446 8.798111 -1.713435
-2.285291 1.420927 -0.595070 -2.990244 -4.529844
-1.540591 -6.925257 -0.190336 -1.691422 0.120730
4.266710 -1.262123 5.341224 4.257183 0.041354
0.461080 1.416388 -4.258855 -3.550122 0.298125
6.282969 0.366467 2.735915 4.876155 0.974703
5.616800 -4.592892 1.335732 3.067811 2.892100
0.975228 -0.408908 -12.826744 -2.637652 5.488052
3.394589 -1.035422 10.202718 1.015998 3.013130
-4.077431 -3.318104 -1.984189 -1.075150 2.632577
-5.457995 7.081379 -3.900072 -3.892294 -0.639738
-3.988454 0.936810 1.414089 -0.263005 0.844564
0.621247 -2.076758 -1.844981 0.660614 -1.548547
1.722226 9.242302 0.968167 3.522915 -0.328439
5.477984 -2.386303 -0.324239 5.944936 5.683602
-3.222871 -10.033741 2.061887 3.281656 1.652723
-1.516760 -6.130983 -4.727399 -2.205580 0.329946
-0.373153 1.025190 -10.713552 -6.114728 2.295785
-6.248818 -3.386741 -2.194146 -1.105853 -0.023475
-2.920801 0.713268 -1.996817 2.646913 -3.320328
2.888747 -1.935722 5.303919 5.274364 2.645012
5.854535 -3.493877 5.945883 4.514381 -0.828271
4.458857 1.819610 2.884975 -0.216376 -1.833358
-1.302554 2.137536 3.851258 1.209890 -1.702656
6.748649 -2.627897 5.391695 3.796384 1.350586
1.331661 -2.815319 3.145253 1.861460 -0.609805
-0.112090 8.349501 -11.203161 -1.613123 7.408967
10.728041 2.307299 5.662346 2.640077 -1.331345
-5.505298 -2.089501 3.228010 -2.102217 -2.369004
0.262034 1.682268 -2.454328 5.158643 -0.680856
-2.986607 -2.469025 -5.538964 -5.055017 2.811502
-4.022525 -7.272327 11.457007 3.772233 -0.392760
-2.822539 3.125583 -0.270945 2.862223 4.935934
1.595124 1.720209 -1.107399 4.759783 1.546524
-4.263370 -0.406245 5.234966 4.484817 -4.734144
-1.964301 -3.144200 -3.326968 -10.278871 -0.119492
6.028638 -0.690820 -4.950222 4.091591 7.795595
-4.261610 -0.181483 -0.790314 -1.587235 -1.038643
5.956027 -3.183333 -1.230654 7.078708 -0.989999
-1.481051 -0.047647 14.283844 -2.987921 -12.724806
-6.098787 -1.801000 0.204833 0.570268 0.670358
-12.074878 -9.454857 -3.406936 -10.806317 -3.106274
3.166086 -1.990681 4.005278 0.019127 -1.898596
-3.144171 1.311915 -15.041299 -7.096158 3.107322
-4.420503 1.535867 0.102156 0.531929 -0.917875
1.469231 -5.288302 1.615687 6.988655 -1.570089
-1.689127 -1.807489 0.579878 1.234623 1.182902
4.119931 -1.141573 1.109103 5.071567 2.315196
-1.957984 2.254444 -7.529060 -3.532663 -4.698221
-9.587534 4.086791 -3.764021 -7.162722 -2.200081
-2.140039 -0.259530 2.474875 -3.851688 1.729524
-0.713191 1.099240 -3.247603 -4.191427 6.373572
1.336610 -2.040083 10.285638 6.455135 -7.237035
4.448380 0.827216 1.273160 1.540697 0.202324
3.799000 -1.684975 10.328706 4.847346 0.123321
5.407056 -2.537881 1.604709 5.776623 4.048496
-10.567266 4.149112 -10.489012 -14.555288 1.973889
-0.263982 5.627069 -1.753952 0.782463 -2.643288
-4.775685 -0.101794 -2.853413 -9.620983 -5.762794
-1.528853 -4.181720 2.966894 3.244513 0.751472
8.808992 5.109615 1.119970 3.111603 1.639823
-6.250822 -2.252918 -8.304734 -3.287240 5.310281
-3.721572 0.299834 2.976475 -3.222655 1.632477
-2.123059 1.261100 0.936324 5.591209 5.645697
-0.924182 3.108593 -2.989809 -2.151644 3.358717
-8.611159 -1.258119 -9.436063 -8.641145 3.679488
8.453895 -1.384888 -0.259089 3.483795 3.580844
-5.285775 1.672377 -1.991992 1.378127 -1.374373
-3.771214 -0.001137 -4.111370 -1.256041 -1.290280
1.784240 1.334637 -0.847020 0.946485 0.965910
0.067842 -0.976768 4.562138 2.951953 -0.105576
2.136821 -4.180023 6.773503 3.145703 -2.947372
-0.139264 -4.342993 0.137126 -0.426833 -1.318435
-5.059177 -0.323956 -0.969111 -1.168336 -0.243963
1.507186 -7.819278 -1.468542 5.022357 5.261295
0.074087 -1.668867 -1.430316 1.247380 -5.535270
7.479881 3.758887 2.478094 9.174566 1.651593
-0.683044 -4.150732 17.356294 1.162598 -11.319638
1.707480 3.455849 2.035537 6.403555 4.827585
-4.073117 1.418158 -7.214372 -2.742702 0.739943
-1.417631 -8.026096 -3.462855 3.168693 3.518991
-7.835990 -1.775628 -5.909817 -7.463774 -5.900169
-8.468446 6.792786 -4.715373 -2.124563 0.704193
-2.865162 -1.142608 0.013148 -3.539605 -7.564089
-0.171583 2.101964 -8.068659 -2.636188 1.584162
-5.103807 -2.674765 3.051765 -0.564265 -3.655189
-2.379388 5.673334 1.920654 1.292036 -1.815113
2.697878 4.871500 6.164944 0.120756 -0.832764
-3.157545 -2.498699 0.449130 -2.501245 -1.263064
3.324273 6.470064 8.210390 -0.415998 -5.598794
-0.749257 -4.195487 5.424843 -0.605989 0.136674
-1.948429 3.477635 1.964258 0.464575 1.313280
2.943795 -4.816962 -9.889608 0.919108 6.157570
4.611729 -0.086482 12.156482 7.005376 -4.159705
-2.753705 -0.446446 -5.902740 -3.621758 -0.010868
2.339709 -1.236775 -3.064379 -2.437451 -1.796984
-0.786527 -3.285158 4.965336 -0.266969 -4.681438
6.594271 -6.351171 8.734058 0.510420 -6.993957
4.487481 -4.014297 8.044468 0.146685 0.252573
2.367707 -2.506097 -6.074115 2.353393 2.851155
8.385050 1.602445 -3.962383 0.850195 1.785582
0.565678 3.038200 -3.653019 2.739552 2.303599
3.188259 -2.075311 3.700783 12.231651 3.470394
8.827728 5.564532 2.432031 5.291781 4.138710
-0.665707 -3.093272 17.648018 5.563843 -2.775093
3.412587 0.107277 5.440101 2.841106 -0.066860
-9.196013 -1.348869 2.152649 -5.550223 -7.737489
-2.070008 -4.712522 -0.561225 -1.892652 -0.008433
-4.322573 -1.422498 -3.691354 -1.326187 1.730013
-2.664419 -1.496350 -0.871147 -0.939180 -3.265768
2.125298 -1.109022 2.128942 2.822906 1.028766
-0.197204 -4.353620 3.795297 5.935593 3.627599
8.572213 -1.203435 -7.148597 6.344804 11.140647
-2.100649 -1.062115 7.072636 6.181518 -1.829098
7.846096 2.028662 2.324688 9.629492 8.944297
-1.994858 2.869446 -0.406091 -5.209912 -5.904361
3.663577 -3.391053 -0.395742 2.490715 -0.384897
0.807127 7.645937 -7.371404 -5.677184 3.886278
-6.099123 2.237680 3.317540 -7.916128 -10.608081
1.501956 -0.027980 3.460004 0.287179 -1.935835
1.980913 0.808858 -7.856106 1.436346 4.641547
