0.554894 -0.252279
-3.608512 -3.165849
1.175219 -2.345648
0.642050 -0.800396
3.262615 -1.263605
0.623346 0.589124
-4.059902 -2.677814
0.432204 2.451186
3.530410 -1.315322
-0.088606 -2.333095
0.784356 2.916184
1.659195 2.802775
-0.511387 2.253689
1.707888 -1.934722
4.215754 -3.883740
5.181610 -1.816593
-2.305275 -3.837147
-3.116313 -1.891650
1.549880 -1.050870
-2.896729 -0.894935
-1.863471 1.068068
-0.935013 -2.907991
-2.575497 1.007934
2.100001 3.089979
-1.625981 -1.029481
6.683139 2.025834
0.657797 0.741415
6.506716 0.581478
2.249878 1.105907
4.195268 4.365921
0.834485 0.875113
-4.952205 -3.394006
-5.980187 -2.243776
-2.203943 -5.115484
-1.657244 1.671029
-5.236335 0.250680
3.963047 2.882923
3.317307 -2.374887
-2.610152 -2.002334
2.809540 0.074732
0.899179 -3.281959
-9.115864 2.151804
-0.784437 -3.289622
2.106565 1.645043
4.913566 0.297046
2.841831 1.721545
-4.953499 1.305811
0.757522 3.247501
-0.521027 -1.437449
0.471009 3.063379
-3.849229 -5.063072
-1.520761 0.251955
3.889860 4.425216
-1.431770 -0.360788
3.181020 -0.724253
2.051847 0.461696
-7.030984 -2.194341
-3.190100 -1.182069
0.172656 2.387077
-3.066974 -0.437774
-2.576531 0.105570
0.757428 -0.927845
-3.998608 -1.675889
0.459409 -0.400084
3.604956 0.573013
-5.321501 -2.131928
-1.193261 1.698487
2.010683 1.399198
-1.492733 -1.392401
4.375653 3.840711
-2.367800 -3.456778
-0.159323 -0.160869
-1.005390 -1.082388
-0.123018 -0.349455
-5.859935 -0.594289
-0.555373 -1.116675
3.821938 3.504913
-2.061974 -3.513484
-1.091128 3.358401
-4.146419 1.753317
-1.773264 0.028692
1.547085 2.364425
4.727950 4.959181
-2.297355 -1.635967
2.207791 -1.234389
4.917846 -1.020818
-2.628398 5.467547
1.299099 -1.097139
6.665058 2.191650
4.117464 -0.229720
2.114772 0.052192
2.419067 0.637933
5.277100 1.158249
-1.457614 -3.077897
1.571379 7.920096
-2.525975 1.188764
4.422164 3.363956
-1.617840 4.468372
-3.841246 -1.600611
4.186988 0.343332
3.787671 -1.179471
2.224457 1.387915
1.816082 -0.578532
1.629503 1.066793
-0.877611 -0.312259
-0.853904 1.875152
3.489583 1.119752
1.970125 1.941089
6.087116 -0.410987
-0.461642 -0.953637
-2.135195 -1.382639
1.208627 1.373277
-4.264466 -3.077914
2.620267 3.338709
-3.117169 -2.779589
-8.103084 -1.254026
0.010925 0.954088
3.740670 1.906944
-1.940608 1.056447
0.205545 2.132660
