-1.547365 1.480607 3.969592 -1.743390 1.662635 -0.924340 -1.794434 2.986161 -0.694148 3.064678 3.007228 -0.475867 0.824005 0.948237 3.413306 -2.784424 -0.495564 -0.558273 0.018890 1.368474 0.982238 -1.554611 0.342014 1.633027 1.872208 2.712284 0.883280 1.927587 -1.193832 -3.630747 0.805062 -2.903594 0.037605 -1.909636 -2.077826 1.915612 -0.658400 0.771280 -0.034715 1.377609 2.637728 -1.809499 -0.832499 -0.241605 -2.633480 1.178470 1.103590 -2.175906 2.748151 -0.846853 -0.734864 0.081225 1.554844 1.624149 1.199428 -2.769407 0.758566 0.344300 0.867946 0.696630 0.488334 1.272285 3.032176 -2.519162 -2.381282 2.152704 1.654861 1.576423 -2.589889 0.618231 -2.024456 -2.383043 -2.369654 -1.257609 1.113792 0.509632 1.900599 -1.454252 3.471365 0.461425 -0.369000 -0.912869 -3.708157 1.849810 0.143306 -0.457281 0.911699 3.297190 -0.357051 -0.844904 -0.982447 -0.596035 -0.539643 0.614754 3.719235 0.088734 -1.486988 0.728025 0.565258 0.898349 0.001092 -3.801794 2.267912 2.787062 -0.586543 -1.480534 0.353286 -1.123775 0.363161 2.537211 -0.643251 -1.740942 -2.336737 -0.415044 -0.502179 5.290451 0.446950 -0.214016 -0.118973 3.207084
-0.326702 2.527489 -2.394950 -0.223352 -0.641435 -2.446522 -3.905391 -1.335816 0.787506 -1.099243 2.534379 -0.745758 1.137176 -2.656199 1.203593 1.866735 -0.865832 -1.070892 2.453299 -1.421671 0.364810 -1.513363 0.631904 2.101791 -4.847082 -1.971651 -0.735881 0.142223 -0.515737 1.825619 0.505698 -2.414876 1.332590 0.742444 0.378048 -1.102847 -1.999332 1.892302 1.975192 0.252937 -0.186165 3.249476 0.789452 -1.103962 2.628148 0.284551 -3.204299 -0.948198 -1.731225 0.844859 -0.067289 4.681206 -1.495416 -1.307890 1.266455 -3.259069 -0.878501 0.417098 -1.896891 0.586741 -0.688454 0.648671 0.355249 1.786189 -0.164856 0.116277 -3.912375 -0.415005 0.285302 -0.135054 0.892348 -0.334297 0.184683 1.816880 0.399681 0.816076 -1.025311 -0.510442 -1.742586 1.315443 1.896164 -2.355379 1.409639 3.140404 0.858717 3.726120 -1.910181 -1.952631 -4.041918 1.906646 0.925669 -1.640309 1.133456 -3.347188 3.239107 0.307209 0.420722 0.547936 1.224992 2.643788 -3.140653 0.412842 1.885798 1.350811 3.258680 -1.761602 -0.577381 -0.330557 -0.339776 1.019106 -3.527221 -0.027967 -0.473195 1.609950 -3.121610 -0.945509 3.618476 0.452355 -2.736811 -1.116752
-2.011828 1.009018 -4.101395 -2.775901 -3.195147 -1.966056 -0.323039 -3.122826 0.065041 -5.806870 -2.783761 2.185500 -3.370117 -3.986509 -2.187738 1.619604 2.201028 0.549669 -3.258461 0.396199 -2.179758 2.851731 -0.646926 -5.086896 -0.636428 -3.092151 0.811208 -2.477175 -2.651706 1.424922 1.064088 0.045026 -1.997870 -0.977291 1.645275 -2.456123 -0.609581 -0.164126 1.643973 -0.016804 -3.718678 1.457145 0.366253 2.882013 -1.873675 2.605522 0.342165 1.333677 -4.373253 1.510667 1.442629 -2.099895 -0.230838 3.853431 -2.689322 4.981175 1.728918 -3.251094 0.724500 -0.927026 1.669477 -3.274482 -5.748325 -1.010076 -2.473962 -1.250728 -0.757161 2.658652 0.780898 1.432768 3.121101 2.825064 5.122350 -1.434712 -1.041384 -2.411385 -4.204131 1.317625 -4.478710 -1.164655 -1.204477 -2.860453 1.787094 -2.257187 0.067855 -4.673514 0.808263 -6.711212 0.600547 2.490240 1.482973 1.950248 -0.404724 0.107511 -3.469745 3.987185 2.557699 3.115777 4.179310 -1.655437 -2.169884 0.753643 -1.453964 -3.639575 1.338206 2.285645 -3.636535 -1.409930 -1.758677 -4.469723 -0.166441 3.132068 3.284313 3.828752 2.011773 -3.186547 -2.879793 -0.874075 0.624253 -2.745308
-0.571925 1.239780 -0.986989 -2.950677 -0.459425 -0.656758 0.594680 -1.552840 -0.889790 -2.808536 -2.353788 3.319394 -1.921617 -3.180874 -0.499046 0.796432 0.565380 0.854367 -3.559239 2.004145 -2.528492 1.509430 0.285924 -4.839984 1.509316 -0.826310 1.692141 -0.397609 -2.636013 0.019966 1.243768 -0.184198 -0.731083 -1.778132 -0.695447 -1.126939 -2.267064 0.396594 2.057305 0.227622 -3.174399 -0.251789 0.433144 2.302119 -1.662402 2.314361 1.659380 2.084362 -1.105438 1.870983 1.521048 -3.850060 0.842506 4.141455 -2.235643 5.109953 1.152340 -2.265736 2.444439 -0.459897 0.935193 -1.245206 -3.657005 -2.812824 -3.336096 -0.728322 1.465864 1.886601 -0.861642 1.497742 1.863681 2.492554 3.305182 -2.614486 -1.923668 -0.646044 -2.031227 1.928670 -2.848472 -1.100114 -1.129414 -0.969312 0.431279 -3.250850 0.235676 -3.965697 1.581461 -2.501772 1.938206 0.257927 -0.057414 1.234039 -0.686876 2.232077 -3.387109 2.021086 2.324152 2.866530 3.911799 -0.442526 -1.661926 -1.789955 -1.460143 -3.659612 -0.813855 2.845911 -0.153786 -0.969626 -1.159738 -2.724022 1.736671 1.357840 1.522263 2.907989 2.103279 1.170200 -3.089718 -0.365011 1.358767 -0.997209
-2.176922 -0.959699 -2.377791 -0.792855 -2.400199 1.764791 -2.356625 -3.430958 -0.089023 -1.549376 -0.707299 0.607198 -4.015536 0.141409 -0.059292 1.783354 4.626361 1.131699 1.475892 0.076146 2.728217 4.631909 -1.453157 -0.505772 0.469112 0.401307 -1.661399 0.570104 1.081249 -0.440044 -2.685039 -3.605696 -1.562757 0.996179 3.581429 -1.564181 2.904226 -2.563903 -2.831843 0.878493 -0.764554 0.992362 -3.584820 0.536076 -2.483246 2.935849 1.911312 0.073128 -3.168563 -0.692497 0.518530 -0.182092 -2.703264 1.672966 -2.867054 0.908753 0.244220 -3.695297 -1.250141 -4.673485 4.188098 -1.380506 -4.014662 0.048235 -0.982465 -1.592767 -1.001815 2.693116 -0.099071 0.346364 1.591714 -2.257137 -0.692705 1.849495 2.155051 -0.933597 -1.025179 1.459480 3.622076 1.477466 -0.627705 -3.366390 -2.361370 -0.446458 -1.010230 -4.146942 -0.781982 -5.501300 2.987108 2.172745 1.069013 2.650583 0.675016 -3.140267 0.201918 2.616574 -0.903089 0.853768 0.002250 -3.729599 0.795005 5.107941 -4.703229 -1.978747 -0.188922 0.881981 -1.769690 -2.426568 -1.214526 -4.395512 0.318765 0.277938 1.937583 0.701980 -1.269950 -1.250107 0.650043 -1.075782 0.723601 -0.927908
1.135675 0.704165 -1.052172 -1.862746 -0.394314 1.451052 0.653675 -0.238006 -0.006527 -0.178717 -0.771771 1.619174 -0.444567 0.155727 0.887036 2.235135 1.802492 0.176366 -1.473408 1.056970 -1.106455 1.487193 -0.426854 -2.829361 3.193294 0.986339 -1.194918 1.021879 -1.417959 1.703192 0.311335 -1.437830 -2.060379 0.468917 -0.240999 -0.725715 -0.306482 0.751143 0.853052 0.347856 -0.884428 -1.501087 -1.565387 1.257290 -2.605245 1.656004 2.232282 1.585617 1.746160 2.305304 0.400241 -1.509768 -1.241326 0.886236 -1.369504 3.231789 0.061182 -1.554305 1.363777 -1.424284 0.974657 -0.284017 -3.701958 -3.176021 -0.429178 -0.654790 -0.887625 1.984951 -1.110745 1.930468 0.724827 0.523784 -0.151784 -0.503644 -0.173393 0.346163 -0.005190 2.444620 0.458024 -0.549353 -0.725741 -0.492218 -1.520437 -1.532841 -1.158886 -2.509081 0.617137 -0.456284 2.568060 -1.309718 -0.050214 0.155412 0.412997 -0.636555 -2.919315 1.952043 -0.013063 -0.402263 1.025606 -0.542157 0.145171 0.219311 -2.886144 -1.986228 -1.137410 0.711840 0.869540 0.258280 -0.685913 -3.582572 2.230197 -1.259041 -0.397034 1.848185 0.788661 1.936348 -0.754049 -0.349475 1.704471 0.738521
0.815634 0.649087 -3.968025 2.317084 -2.262076 -0.908487 -2.086533 -1.589030 1.744446 -2.079980 0.544265 -1.578574 1.003091 -3.215464 -0.562907 1.923647 -2.422454 -0.933000 2.697960 -1.580393 0.378781 -2.136892 0.788121 3.079620 -5.855464 -3.286796 0.139948 -0.430504 0.786331 3.961478 -1.203645 1.266172 1.920626 1.777162 1.061015 -0.994590 -1.395006 -0.085352 2.151917 0.022112 1.006568 3.951666 2.910061 -1.444777 4.345905 -2.515937 -3.601735 -0.567957 -3.144537 1.148135 -0.160517 5.374835 -1.819596 -2.636648 0.746647 -3.116063 -0.931934 1.690820 -2.519237 0.904657 -1.757268 -1.619205 -1.046486 4.778442 2.456840 -2.561676 -4.283278 -2.445799 2.451846 -0.093700 0.581239 1.820395 1.758836 2.125530 1.008244 -0.514427 -2.365945 -0.968596 -2.705096 0.631233 3.006550 -0.760876 3.590518 1.800412 0.067152 4.206233 -1.773131 -2.520644 -4.451646 2.083390 1.737165 -0.879510 2.638265 -2.889527 1.596094 -1.487435 0.255733 -1.406362 0.571045 0.695471 -1.630526 1.733256 1.791371 -0.110768 4.065051 -0.965772 -1.090047 1.370450 -0.845320 0.451046 -2.572519 2.163182 1.596448 0.096875 -2.609895 -5.503898 2.670975 1.066211 -2.906615 -3.750473
3.453637 -3.632984 -3.407069 3.387048 -0.440665 0.180728 7.042749 -2.565504 1.793674 -4.156674 -5.460355 0.552864 1.159258 -0.246322 -5.638279 2.685583 -0.471613 0.058347 -1.137017 -0.775053 -1.447714 0.794268 0.376218 -1.253672 0.039087 -4.303478 0.939188 -3.726916 3.655155 2.308521 -2.163312 6.180063 0.778735 2.301163 3.066867 0.701767 -0.022642 -2.812364 -0.638887 -2.916190 -2.375033 3.977074 3.015192 -0.738377 5.037558 -2.049177 -1.212157 2.593575 -2.753243 1.517141 1.199788 -2.130254 0.965122 -2.616881 -1.669730 2.802017 -1.144366 3.633821 -1.224526 0.389716 -0.520068 -4.052534 0.027899 3.620363 4.127190 -2.783131 -1.520247 -4.546256 4.853130 -2.306678 2.541666 5.305143 4.424046 -0.826803 -2.588426 -2.327063 -3.369877 0.226535 -4.418339 -1.040119 -1.086341 4.064653 5.778347 -1.670519 1.473194 1.658634 -1.190745 -2.670270 0.016116 2.164118 0.000705 0.950952 -0.056616 2.392236 -4.017832 -1.922476 1.930781 -2.411239 -1.129783 -0.894851 2.350886 2.176044 1.213786 -3.023666 1.236625 2.012246 0.255355 2.222693 0.795631 1.309259 0.515078 4.318966 3.501573 -0.536285 1.902252 -8.178080 -1.432810 2.244337 1.728801 -3.914266
-5.014927 0.348417 0.133698 -0.885971 -1.511177 -2.291684 -1.706906 -0.168233 -0.621919 -1.473683 -0.708320 -3.296377 -2.552691 -1.060341 -2.404042 -1.232049 2.024503 0.353684 -1.127467 1.192191 0.646921 1.459736 -0.559610 -0.615514 0.160930 0.724276 1.537844 -0.685628 -0.102182 -4.010842 -0.277164 -1.302207 0.184768 -0.977277 1.972202 -0.120486 0.347415 -2.217978 -0.728502 -0.928594 -1.957680 2.062936 -1.938545 0.842078 -3.199002 2.793948 0.709340 -1.645584 -3.145441 -0.058442 0.071978 -2.171735 0.773781 2.985291 -0.864561 0.164063 1.220870 -2.804824 -0.836628 -0.773653 3.648025 -1.742061 -1.300043 0.311503 -3.977670 1.045724 3.203064 2.010728 0.290057 -1.288875 0.949797 -2.501248 1.417141 -0.630305 2.058919 -0.741540 -0.411071 -0.584457 1.087980 -0.584040 -1.283078 -3.038900 -1.095918 -0.790638 -0.836104 -2.424395 0.300887 -4.458859 1.090957 3.350359 0.494375 1.937152 -1.322151 -0.176963 0.983918 2.921409 -0.095574 3.749177 1.882598 -2.318168 -0.036092 1.397478 0.520951 0.121465 0.055198 1.174626 -4.156940 -2.037271 0.955886 -0.445365 0.244339 4.258523 0.734429 0.461861 0.692493 -0.312961 -1.740254 -1.143645 0.731285 -1.177551
-3.090852 3.223995 1.047702 -4.907660 -0.666776 -4.013058 -2.628291 1.190981 -1.933768 0.176558 0.108186 1.828463 -0.501666 -3.828365 1.077822 -1.141581 -0.325504 -0.811272 -4.032628 2.127039 -2.875520 -1.537684 -0.454324 -3.419325 -0.818867 0.605232 2.392952 0.350888 -5.061698 -1.384954 2.547333 -1.048588 -1.032152 -4.747295 -2.557937 -1.072508 -3.321391 2.453077 1.549241 1.150619 -0.011190 -0.101253 0.321448 1.675710 -3.151232 3.312404 0.892217 0.472314 0.012345 1.561640 0.788914 -3.692079 2.802703 4.629241 0.028404 1.349926 2.256440 -1.101115 1.035335 0.766813 0.039056 0.246389 -0.802084 -2.516767 -5.168842 3.816294 0.847805 2.327165 -2.317102 1.254769 0.263503 1.669196 2.165935 -3.409592 -2.199001 -0.617012 -0.429020 -0.921492 -2.421508 -1.623930 -1.637105 -2.683448 -1.152532 -0.533725 1.540310 -2.912533 1.727798 -1.240915 -1.231073 0.426690 -0.034963 -1.102111 -1.614114 0.973644 -0.277898 4.232124 0.674510 5.369276 5.783881 0.844829 -3.659298 -4.393987 1.625681 0.390216 -1.028438 2.494679 -2.184585 -1.683877 -0.305812 -0.455266 -1.618294 1.459135 0.187152 2.233388 1.727136 3.782520 -3.352580 -0.178051 0.295938 0.438798
3.508766 -2.101430 1.853797 1.184144 1.242202 2.791538 3.429007 0.862627 0.164231 2.295031 -0.613259 -0.006044 1.638017 3.203834 0.187075 -0.459622 -0.010827 0.168699 2.108840 -0.244369 1.043997 -0.172013 0.371758 1.728556 1.858231 2.047993 -0.544456 0.032486 1.683902 0.641841 -1.657169 1.550884 -0.866849 1.677703 -0.055432 2.006382 2.077033 -1.334567 -1.983786 -0.155165 1.258154 -1.127299 0.533687 -2.021313 1.716889 -1.815812 0.176570 -0.231770 2.360219 -0.662818 -0.533550 1.305281 -1.046964 -2.322000 -0.434108 -0.440433 -0.792283 1.278655 -1.235963 -0.533850 -0.557807 1.424966 2.700773 -0.711355 2.918766 -0.195422 -0.253239 -1.488455 0.361522 -0.967559 -1.156786 -0.939174 -2.549028 1.080264 -0.490492 0.121123 1.854894 -0.338121 2.937715 0.818083 -0.771829 2.647429 0.170049 -0.484914 -0.742895 0.957903 -0.052837 3.126345 0.866856 -0.852265 0.233225 0.610806 0.160395 0.957099 -1.151202 -2.230991 -1.317854 -2.516236 -3.241958 -0.801410 3.310942 0.315903 -0.997400 0.821096 -0.555494 0.653801 2.090889 1.297309 0.850471 1.962690 1.310620 -1.386021 -0.339504 -1.744322 0.125520 0.118816 1.467687 0.018805 0.231893 1.035337
2.514164 -1.618266 1.240716 1.853737 1.340520 4.082046 1.217727 -0.113614 0.681761 3.129269 0.442961 0.271416 -0.798945 3.832690 2.060328 -0.354849 2.008752 0.523930 1.348386 -0.329858 2.163127 2.136295 -0.266352 1.049484 2.190886 2.862339 -2.593833 0.792978 2.447125 -0.104381 -1.187884 -0.536238 -0.449919 1.002531 1.705906 1.406862 2.664597 -0.984578 -3.520934 0.311914 0.734848 -3.271738 -3.093863 -0.240502 -1.137752 -0.075842 1.386578 -0.557672 2.256573 -0.571387 -0.643689 0.539474 -1.711335 -1.366205 -0.043499 0.955314 -1.485931 -0.901452 0.497896 -2.085433 -0.194963 0.896402 0.602845 -1.512088 1.894392 -1.543192 0.273225 -0.434256 -0.285684 0.319296 -1.985257 -2.138595 -3.946373 1.698612 0.539490 0.297674 1.115137 0.677668 4.338130 1.144154 -0.599831 2.021428 -2.262506 -0.495504 -0.299846 -0.604406 -1.172314 2.914951 3.386097 -2.339609 -0.289201 1.647975 -0.241470 -0.032645 -0.408171 -1.649353 -1.578176 -3.128341 -3.266855 -1.501067 3.452595 2.275936 -3.234077 -0.086260 -3.075090 -0.801561 2.068417 0.470123 0.752279 -0.732058 2.384666 -3.678537 -0.497999 -1.807363 -0.269639 1.413782 1.139657 0.083266 0.659446 1.719023
5.062011 -1.546738 -3.698499 2.842700 -0.442961 2.811748 4.460826 -2.408016 0.987650 -2.461332 -3.143163 0.270106 1.121479 0.265621 -2.164962 3.433370 -0.154947 0.577653 0.348136 -0.935769 -0.382982 1.622726 -0.133144 -0.442425 0.858508 -1.437070 -1.846786 -1.878916 3.306854 3.387202 -1.055178 4.411479 -0.223816 2.138329 2.142256 0.229195 0.964621 -1.133941 -1.358107 -0.833421 -1.589203 1.522374 2.398547 -0.837397 2.970110 -1.471943 -0.444810 1.908675 -0.410420 0.138180 0.191468 -0.341898 -1.546339 -2.182170 -2.061099 2.908611 -1.641977 1.108590 0.012376 -0.996630 -0.562174 -1.593235 -1.390257 1.081450 3.232991 -3.631376 -0.446901 -1.460992 2.193408 -1.568429 1.538218 2.957284 1.698670 0.805566 -1.027205 -0.214998 -1.885840 0.322000 -1.819959 -0.349473 0.249225 4.286474 3.786289 -1.209602 0.285508 1.359013 -0.252357 -0.805521 1.877467 -0.931951 0.751970 0.031479 1.182532 0.093364 -4.592944 -1.805189 1.309524 -3.204873 -2.761550 -0.612991 1.780537 1.942751 -1.733336 -2.889664 1.386730 0.870295 0.451749 1.303475 0.186345 0.412709 0.794021 -0.408482 3.608071 -0.136525 0.306272 -5.074770 -0.176668 0.505009 0.860985 -1.388570
-4.724477 1.252335 0.573172 -2.066481 -1.274002 -0.948675 -4.924429 0.946690 -0.265855 1.284378 2.520382 -1.530050 -2.954977 0.281879 3.723695 -2.501442 2.756612 0.474634 1.060789 1.619032 2.171479 1.878645 -0.316286 0.676371 0.965297 2.068437 -1.086878 2.037521 -2.093392 -3.274401 0.612108 -5.130115 -0.877452 -0.868268 0.695505 -1.573004 0.419586 0.149573 -0.501332 0.870625 -0.067340 -0.541372 -3.761753 0.083365 -4.322369 2.431707 0.541317 -3.097518 0.043970 -0.609070 0.167776 0.396670 -1.088630 2.803811 0.205002 -1.105919 0.553465 -2.809335 0.384000 -0.415402 3.106827 1.471806 -1.247574 -0.648748 -2.875099 1.075974 1.838145 3.455784 -3.212632 0.484516 -0.348714 -3.512359 -2.093393 1.176919 3.008923 0.705856 1.350950 0.458398 3.314935 1.266848 0.553024 -3.668194 -4.550909 0.279072 -1.310827 -3.392040 -0.447015 -2.005082 1.677674 1.489063 -0.623267 2.027454 -0.022957 -1.429358 3.395024 2.635694 -1.712883 2.855052 1.357195 -0.858618 -1.555685 0.001426 -1.177281 0.898880 -0.465344 -1.428646 -0.987146 -2.982086 0.104968 -1.594958 -0.984624 -0.215254 -1.501145 -0.236560 -1.532204 3.634348 -0.056937 -2.260482 -0.223570 1.743761
-10.312811 1.989922 4.115158 -1.571368 -1.148418 -8.321154 -4.142288 2.968586 -1.698740 -0.992349 -0.377304 -5.333309 -2.470999 -2.970002 -3.455707 -3.640334 -0.922287 -1.976532 -0.999361 2.918052 1.556235 -1.596967 2.251762 0.705761 -3.042809 1.357079 5.487685 -1.342827 -0.928176 -9.087938 0.730197 -0.385102 1.732541 -6.165903 -0.145378 -0.712008 -1.463264 -0.206777 0.875238 -1.113254 0.191146 4.849585 -0.115957 1.300498 -1.409390 3.097303 -0.676089 -2.943246 -5.596232 -2.409498 1.796139 -1.891595 6.524192 5.451051 2.518049 -4.950862 3.237659 0.563720 -2.240181 4.904679 4.001522 -0.512411 2.660950 3.591372 -6.504661 5.209278 6.149932 -0.677173 0.815096 -2.766179 -0.590762 -3.136242 1.683316 -4.066176 2.315579 -3.700349 1.414836 -4.536061 -0.075457 -0.209391 -0.339378 -4.530730 -1.018594 0.557060 0.978520 -0.212882 0.783170 -2.966608 -3.257521 5.466687 -0.416983 1.026174 -2.844006 0.814476 7.421129 4.291238 -0.461278 7.979057 3.618205 -0.953796 -2.118946 -2.350040 6.764496 4.685703 1.003735 1.315732 -5.619069 -2.901863 1.506347 4.598533 -2.997509 6.203837 -2.011515 -0.842665 0.825355 0.753498 -3.803372 -2.468770 -0.626525 -1.235475
-6.338735 1.468471 1.406860 -2.048450 -1.660451 -4.186747 -1.416872 0.363478 -0.583273 -2.176154 -1.536590 -2.783461 -2.378878 -1.119865 -2.326864 -1.655129 1.702304 -0.061137 -1.210318 0.765275 1.082108 2.589731 -0.195407 -2.101069 0.173775 1.882621 2.736174 -1.375610 0.881230 -6.459739 -1.538358 -1.948394 0.293389 -2.666489 1.653551 -0.350237 1.368391 -1.191288 0.353853 -0.925064 -1.774904 1.725976 -0.983571 0.517276 -2.908879 2.752110 1.032600 -1.960462 -4.098073 -1.254974 0.870234 -2.778298 1.999905 4.709621 -0.711861 -0.146627 1.530341 -1.851211 -0.747201 0.486277 4.032195 -1.683636 -1.941937 1.299172 -3.117943 1.765117 3.605393 0.907821 0.578228 -0.950059 -0.245480 -2.459453 0.311156 -2.199207 1.598140 -3.233027 -0.590941 -1.207651 1.704555 -0.033100 -2.532387 -3.994490 -1.638582 -1.082270 -1.816871 -4.017582 0.503499 -3.761224 1.222012 4.074101 -0.249319 1.741455 -1.379331 1.217161 2.428331 5.979209 -1.138992 5.336137 1.777928 -2.729976 -0.323114 0.796167 0.980179 0.996394 -1.358523 2.414177 -3.798851 -2.773363 0.502183 0.592483 -0.347061 4.660079 0.080884 0.569247 2.052230 1.337387 -3.372450 -1.771197 1.408794 -0.085628
-2.846258 3.530816 -1.649887 -2.854545 -1.637948 -2.186921 -4.844486 -0.551705 0.361485 -0.750024 2.208705 0.972259 -1.718763 -3.320231 2.495665 1.294525 -0.417446 -0.303504 -1.363571 -0.291621 -0.893946 -0.820398 0.295439 -1.947069 -2.360533 -1.599464 0.751060 -0.337363 -4.596771 0.080399 2.761608 -2.568000 -0.139286 -0.468874 -2.126750 -1.210617 -2.178089 2.116016 2.811955 1.015598 -0.680897 -0.127198 -0.431747 0.903742 -1.220111 2.023193 -0.650535 -1.049508 -2.331317 1.415559 -0.923526 0.774905 -1.527784 3.390809 0.854373 0.155777 1.908752 -2.803243 0.991197 0.402076 0.351980 0.594651 -2.012149 -0.905076 -4.300458 0.664690 -1.837920 3.000579 -2.974287 3.483096 2.047863 0.684693 1.266858 -0.466680 -0.438019 0.517163 -1.006006 -0.668517 -2.176097 -0.524055 -0.694577 -4.501402 -1.112852 1.710313 0.830873 -1.376541 0.532957 -3.195417 -0.899194 0.386743 0.697438 -0.289472 -0.306559 -3.516113 1.392536 2.968884 0.682704 2.052598 4.166715 1.215896 -3.346713 -1.932152 -0.170040 0.080132 0.862552 -0.204922 -1.215678 -1.629573 -1.312076 -2.551956 -3.349186 0.294950 -0.304718 2.043145 -0.781382 2.654112 -0.443431 -0.034776 -1.762104 -0.774708
1.068499 1.088199 -2.595249 0.703525 -0.455196 -1.758971 -0.942990 -1.193033 0.949522 -0.649536 0.195709 -0.382683 0.689056 -2.420358 1.330037 1.174834 -1.539688 -0.109371 0.452181 -1.555379 -0.203777 -1.755577 0.365782 0.721529 -3.776424 -1.769135 0.666304 0.113313 -0.581724 3.025005 0.062392 1.052778 1.176801 2.052708 -0.750225 -0.175594 -0.908082 0.883840 1.396242 0.020119 0.964064 1.361737 0.696140 -0.765891 2.102979 -0.938183 -2.561502 0.482282 -2.058230 0.867718 -1.165316 3.014841 -1.118535 -1.273882 0.467556 -0.558977 0.231826 0.997844 -0.755143 1.023208 -1.584346 0.075979 0.639391 2.184817 0.530125 -0.601155 -3.415973 -0.373092 0.766339 -0.597760 0.280419 1.211756 0.758724 0.293860 0.282718 0.595928 -1.241401 -0.617293 -1.775753 0.935767 0.972635 -0.908288 2.100113 1.365522 0.610199 3.219275 -1.832884 -0.199622 -2.298648 0.012429 1.018642 -1.189173 0.255214 -1.375241 0.852069 -0.442726 1.389325 -0.921484 1.143507 1.153422 -1.074297 -0.989402 0.853469 -0.319579 2.493965 -0.616278 -0.280856 -0.012912 -0.691989 -0.543329 -1.366816 0.171340 -1.195220 0.260761 -1.965021 -2.939087 1.242563 0.883450 -1.133007 -1.511387
-2.641573 -0.307472 -1.335566 0.887305 -1.831624 -2.865978 -0.199256 -0.289443 0.350906 -2.551381 -1.636908 -2.219993 -1.308196 -0.661317 -3.652581 -0.184402 -1.122241 -0.571458 0.989121 -0.076130 1.698708 0.312888 -0.175665 1.005447 -2.479492 -0.420816 0.305885 -1.182181 2.539747 -0.911263 -1.130742 1.309049 2.299652 0.067861 1.085078 -1.240191 0.596423 -3.021207 -0.460560 -1.173074 -0.824511 3.584123 1.038861 0.397407 1.092536 -0.470772 -2.009866 -0.380519 -2.936269 -0.210691 1.135849 -0.279870 1.907219 0.963667 0.192716 -0.426936 -0.526506 0.693069 -2.624897 1.354218 1.032036 -1.560443 0.716557 3.714460 0.821864 -0.757032 0.170773 -0.914185 2.759654 -2.098738 0.220637 -1.468188 0.983764 0.816854 0.594468 -1.712881 -0.424340 -1.502814 -0.329778 0.877658 0.275182 0.906534 1.089404 0.937130 0.101336 1.468967 -0.434113 -3.431894 -0.841017 1.887190 0.951153 1.374831 0.190640 0.416856 1.687721 0.847658 -0.164925 0.434479 0.607044 -0.416901 0.122949 1.893206 1.545693 1.356214 1.651554 1.518883 -2.269528 -0.318012 0.474591 1.620802 -1.096547 3.051341 1.498440 -0.373835 -0.424372 -3.177775 0.549466 -0.411103 -0.368114 -2.010060
0.724885 1.613976 -1.219943 -0.099404 -0.566324 -1.202308 0.074273 0.195946 -0.615065 -1.233766 0.150731 0.082236 2.546925 -2.617687 -0.932147 0.427052 -1.647602 -0.797900 -2.236312 0.456144 -2.834528 -3.429776 0.616212 -1.946557 -1.354070 -1.685887 2.105772 -0.663430 -1.402353 2.163911 1.566115 2.571467 1.636535 -1.955720 -2.630094 -0.285304 -2.987574 1.817706 3.519796 1.403221 -0.436878 0.153807 2.341580 0.452504 2.215146 -0.321460 -1.071740 0.593591 -0.523240 1.990287 0.589127 -1.815198 2.399221 0.162086 1.778328 -0.136074 -0.130429 1.180645 0.808277 3.079486 -2.260891 -0.219536 0.373608 0.627959 -1.105946 1.627792 -1.145378 0.052748 0.826788 0.905061 0.268840 2.944465 2.719705 -2.101477 -2.387834 0.157743 -0.927077 -1.882734 -4.632018 -2.137636 -0.235971 -0.473096 1.307827 -0.544399 0.941354 3.230532 0.619158 0.983985 -2.930379 -0.652006 0.184606 -2.878511 0.601252 1.545529 -1.965608 -0.698735 1.579201 0.838767 2.480420 1.815568 -1.170893 -2.501172 2.782058 0.115172 2.109799 0.359856 -0.136633 0.864983 0.271870 1.246406 -1.976293 0.247061 0.062103 1.595298 1.517632 -1.526241 -0.532125 2.095997 0.518195 -1.630788
3.373990 0.320394 -1.516944 0.067870 0.228263 -1.028710 3.394885 -1.099735 0.096130 -1.195798 -2.947096 2.072506 2.607659 -2.304635 -2.074928 2.100768 -0.807613 0.285124 -2.941511 -0.435698 -3.577354 -0.725690 0.044004 -2.282235 -0.997393 -1.980991 0.886939 -1.197531 -0.571374 3.903567 1.149514 4.133479 0.010554 -0.274383 0.232866 -0.110453 -1.498814 0.319778 1.329453 -0.088894 -1.765980 -0.167278 2.711453 1.373668 2.263408 -1.097329 0.276997 1.803549 -0.183215 2.016307 0.205321 -3.032570 0.636983 -0.915698 -2.165157 4.457690 0.435454 0.553637 0.992975 -0.071965 -1.274692 -0.557491 -0.905292 0.043541 0.763188 -1.661138 -1.464345 -0.719027 1.232271 0.671199 1.358708 4.131934 3.163412 -2.358952 -3.069209 -0.821504 -1.551968 -0.405867 -4.351052 -0.931163 -0.457930 0.269114 3.058347 -1.566189 0.213682 0.401643 1.876510 0.007394 -1.398898 -1.752444 -0.015329 -1.287223 0.256691 1.159648 -4.349211 0.751150 2.482807 -0.383986 1.073130 0.706592 -0.046699 -1.628554 0.339004 -2.779194 0.314640 0.964865 0.880389 1.094325 -0.125117 -0.685959 1.364298 0.422321 2.741594 0.925591 1.972964 -2.431887 -1.496765 1.218714 1.441254 -2.912909
-3.936662 -0.101616 -1.080077 1.544932 -1.710059 -4.105815 -4.123488 1.540461 -0.623114 -1.517704 2.684735 -2.645452 -0.759689 -2.417224 0.459212 0.141830 -0.829083 -1.163688 2.275628 -0.945555 2.492515 -1.106195 1.428486 2.540154 -3.707467 -0.500051 1.313619 0.952759 0.042992 -2.266035 -0.229399 -2.226312 2.258709 1.514479 -0.193281 -0.648400 -0.190726 -0.844441 0.203070 -1.250907 1.105860 3.269404 -0.363922 -0.035158 1.803606 -0.315052 -3.524755 -1.960858 -3.293128 -0.786940 -0.209139 4.153086 0.670494 0.209266 1.051669 -4.746766 0.186931 0.674537 -3.255922 1.424340 2.365531 0.377768 2.291718 3.426008 -0.190693 0.291932 -0.669279 -1.532761 1.503326 -1.840034 0.266576 -1.808676 1.182474 0.206365 3.241873 -0.319633 -0.369006 -1.481693 0.721694 0.951902 0.957316 -2.708724 1.476908 2.815001 0.944656 2.557374 -1.982637 -1.684687 -3.603585 2.804320 1.112211 0.285652 0.314317 -2.215391 6.153726 0.904979 -0.841667 1.623364 1.417305 0.594378 -2.130801 1.191079 2.357112 3.259284 3.623853 -1.775334 -2.528789 -0.315388 -0.567387 1.681881 -3.007066 2.257997 -1.019773 -0.753324 -2.030998 -1.740070 1.404469 -0.029463 -2.566395 -1.524555
0.930895 1.547556 5.897150 -0.650787 3.163277 -3.808030 1.860058 4.806043 -1.518169 3.114485 0.518567 1.062165 4.504145 -0.728224 0.875119 -2.372076 -4.708033 -1.894369 -2.612740 2.669326 -3.824030 -6.948734 1.579350 -0.520889 0.722776 -0.574194 4.502235 0.062326 -2.568458 -0.881757 3.975345 4.697654 0.514811 -4.444219 -5.653323 2.398836 -3.356673 4.332791 4.065784 0.188434 0.843772 -1.330743 4.212797 -0.180292 1.398918 -2.125016 1.233425 0.688120 4.508197 -0.198377 0.011206 -2.832613 6.269498 0.511568 3.924315 -2.158939 0.787145 4.112019 1.779535 4.878674 -4.305657 4.036576 6.362922 -1.848757 -1.405835 4.393596 2.678650 -1.803993 0.056280 0.508550 -3.444684 1.435208 0.769595 -5.842819 -2.749409 0.840744 4.282632 -1.955305 -3.693490 -2.828038 0.496228 4.013063 -0.644209 -0.469181 1.566850 3.895510 2.353093 8.365633 -5.385620 -3.969029 -1.120837 -4.548493 -2.872276 4.706808 1.056075 -2.112448 -0.189453 1.952950 0.526800 3.447203 -1.875690 -7.308150 6.754726 3.402579 -0.768957 0.081595 0.500584 2.359955 2.247676 5.690051 -1.298590 -1.434667 -2.319730 -0.077196 0.841292 2.243044 -2.522346 3.333902 0.000005 1.440796
1.372850 -2.415438 2.479151 2.838050 2.117006 1.162996 2.797755 2.424152 0.357120 2.001395 -0.041720 -2.108200 0.987726 3.331327 -2.020219 -1.367488 -1.390890 -0.710349 -0.126458 0.261098 1.667969 -0.777540 -0.120363 1.951008 2.129114 1.310768 0.075669 -0.900489 3.900117 -1.404920 -1.263455 2.009534 0.905203 0.248346 0.783069 2.196224 2.135661 -1.423792 -2.420854 -1.816166 0.447673 -0.924156 -0.439483 -1.562490 0.948867 -1.859019 0.313101 -1.058120 2.018864 -1.492820 -0.725652 -0.002990 1.091404 -1.940124 -0.004005 -2.772373 -1.075714 2.610679 -1.116999 0.016663 -0.562219 1.200406 3.683880 1.233760 2.323373 0.658708 1.767547 -2.666890 2.320780 -2.025132 -2.151161 -1.613814 -1.407278 -0.569196 -0.082469 -0.437779 2.698212 -0.655433 2.438106 0.328001 -0.304976 3.158244 0.415133 -0.570061 0.485027 1.780765 0.177642 3.239545 0.367311 -1.275745 -1.132143 0.691516 0.088215 2.083649 0.276778 -2.543012 -2.605026 -2.219214 -4.411218 -0.412808 3.054914 0.247847 1.281049 2.001257 -1.745425 -0.959303 1.254357 2.495383 1.383757 4.170965 0.478626 -0.857238 -1.236950 -3.576816 -0.189945 -0.355735 0.781157 0.345785 -0.136733 1.143623
2.226613 0.978229 -4.555409 -2.288057 -1.249621 4.089104 -3.853965 -3.006833 0.832084 0.740620 2.411659 3.579154 -2.191163 -1.071430 4.208456 2.530628 3.646991 1.195729 1.322687 -0.784175 -0.245391 3.224831 -0.406259 -1.881675 1.893014 0.307761 -2.950108 1.927963 -2.448912 3.918753 -0.757254 -4.433337 -1.485421 2.108257 -0.383001 -2.016490 0.542282 1.188044 -0.220469 2.165110 1.295134 -3.263916 -3.393323 0.343863 -2.659549 1.272348 1.647055 0.771215 0.860791 1.406648 -0.300783 3.341742 -5.028027 0.276493 -1.499926 2.931417 -0.190362 -4.772794 2.055880 -4.458018 0.676445 1.028520 -5.256623 -4.616165 -0.935743 -1.759094 -3.733392 4.374680 -3.672969 2.601111 2.014153 -0.444908 -0.633323 3.546594 0.014990 1.836179 -1.157178 2.894968 1.842370 1.118554 -0.277089 -1.537025 -2.238913 0.235215 -1.324698 -2.753516 -0.428689 -2.565975 4.073044 -1.204840 0.423484 -0.323343 1.939936 -4.052645 -1.650950 0.758740 0.593700 -0.791726 1.334914 -0.840333 -0.272918 2.481516 -4.855113 -3.848881 -0.258969 -2.115852 1.451441 -1.856775 -0.961260 -6.815145 -0.016307 -3.641574 -0.613476 2.148309 -2.441571 3.128695 1.081377 -0.678448 0.557061 1.604888
-3.410121 -2.532449 1.325390 0.089970 -1.002867 2.603008 -0.848871 -0.286344 -0.466980 1.567425 -0.452097 -2.469886 -4.109205 4.232418 -0.757154 -2.492659 4.013375 0.897510 0.600542 1.230192 4.928115 4.626823 -1.954094 0.816968 3.885853 3.652212 -2.163662 0.392319 3.919328 -4.725888 -2.754418 -3.936241 -2.226863 -0.810901 3.289069 1.453575 4.627789 -3.723690 -4.435335 -0.863950 -0.199102 -0.639657 -5.959798 0.306844 -3.533898 1.995860 3.611839 0.321744 -0.390367 -2.082950 -0.059247 -1.125212 -0.767450 2.196369 -2.947494 0.836667 0.619357 -2.366389 0.095020 -3.380448 5.232371 -0.264634 -2.334370 -0.809846 -1.014659 -0.705924 3.545558 1.952230 -1.419062 -0.997624 -0.519393 -5.135511 -3.723556 1.561678 2.411753 -1.147731 1.265954 0.232985 7.007205 1.711353 -1.216024 -1.162215 -2.988238 -2.592718 -1.445685 -5.658379 0.138894 -1.955197 6.289605 1.363824 -1.452448 4.848652 -0.882540 0.750249 1.314495 1.163314 -2.082865 -0.719928 -2.661272 -4.108800 2.728707 3.685435 -3.257284 0.531775 -3.387033 0.516473 -1.298697 -1.070275 0.474087 -1.804703 3.242163 -0.299937 0.952134 -2.656518 1.592588 1.937154 -1.075530 -3.563941 2.039963 1.842359
-0.185097 -0.329103 2.363537 0.661347 0.977800 -3.378550 3.415018 2.350099 -1.130998 -0.932210 -3.564560 -0.298368 2.513965 -0.867349 -4.325401 -0.433215 -2.697779 -0.263247 -2.669018 1.056274 -2.474192 -1.670053 0.801463 -1.560904 -1.083009 -3.136196 3.646112 -3.191525 0.316227 -1.127512 0.973292 5.814817 0.804248 -3.129109 -0.740578 0.816803 -1.693477 0.161447 1.773403 -1.415781 -1.878668 2.331712 3.611777 -0.897424 1.882507 -0.172894 0.017487 1.089752 -0.438164 0.427227 0.132474 -4.615873 4.473892 0.180660 0.245489 1.410513 0.896445 2.910761 0.497067 2.984138 -1.396795 -1.586830 1.944401 0.946982 -0.307943 1.567813 3.701560 -3.066519 2.725803 -1.356692 -0.009769 3.012515 4.278451 -5.424940 -3.574035 -1.985124 -0.066048 -2.385004 -5.980010 -1.877109 -0.569252 1.787644 2.777694 -1.967770 1.236284 1.125547 1.935853 -0.697788 -2.858287 0.063229 -0.691886 -1.165296 -1.210313 3.300535 -2.181723 0.417306 2.293927 1.511945 0.978508 -0.219285 -1.357178 -2.255872 4.580660 0.675191 -0.405351 2.632645 0.339882 1.695162 1.231530 3.789422 -0.615508 3.795612 0.664965 0.791881 1.957243 -3.562599 -2.424798 0.667661 1.913378 -2.000633
-5.555099 -0.693390 3.000894 -0.904024 0.087641 -1.149761 -0.176453 2.740073 -0.933174 1.362470 0.110837 -1.781181 -2.933111 2.091350 -0.881636 -2.774459 2.269749 0.818565 -0.615599 1.669574 2.913812 3.036056 -0.136626 -0.670984 3.356063 3.780040 0.632214 -0.804759 0.791356 -6.153578 -1.640844 -2.733635 -1.987176 -2.487662 0.744370 1.150631 2.184204 -2.523175 -2.711958 -0.198583 0.624300 -1.224867 -3.223564 0.931856 -4.783053 2.852883 2.881821 -1.307372 0.289068 -1.853513 0.790335 -3.094375 0.781713 3.516579 -0.761385 -0.751481 0.491234 -1.890432 -0.723080 -1.528102 3.891674 -0.568071 -0.770492 -0.814651 -3.104287 0.968466 4.571802 2.066846 -1.186276 -1.529358 -1.324953 -5.216078 -1.577170 -0.481300 1.617302 -1.023588 1.343980 0.390206 5.413867 0.564657 -1.731590 -1.348618 -3.281913 -2.085759 -1.686543 -4.468972 0.368014 -0.582409 4.562318 1.573581 -0.911899 2.461995 -1.406730 1.965235 2.054963 2.120527 -2.726754 2.438639 -1.801663 -3.225038 2.315990 1.341478 -0.017250 1.842616 -3.244069 1.003178 -1.844819 -2.596242 0.566020 -0.370053 0.623606 1.046851 -0.874696 -2.003287 1.612557 3.783026 -2.547518 -2.400871 2.426173 2.555549
-1.300925 -2.636751 0.036119 4.024181 -0.613941 -0.380100 1.847406 0.367526 0.439579 -1.449789 -2.502777 -4.483629 -0.155177 1.037487 -3.941857 -0.001812 -2.157764 0.575886 1.712641 -0.992625 2.690444 -0.459029 0.432794 3.522816 -2.088824 -0.891996 0.402133 -2.964621 5.214993 -2.395944 -1.902242 3.170866 2.293166 1.000721 3.241039 0.317001 1.218649 -4.003854 -0.946697 -2.079596 0.001971 4.694252 1.124244 -1.326095 3.405756 -1.556715 -2.356267 -1.111813 -2.795970 -1.158730 0.077103 0.922150 1.302546 -2.946023 0.415234 -2.673333 -0.325678 2.156864 -3.640887 0.460763 1.986240 -2.277162 3.021330 5.661038 2.661789 -1.276098 1.667887 -4.457882 4.273181 -4.207226 -1.509726 -2.185852 0.760088 0.058118 1.486576 -1.815307 0.556824 -1.652095 0.863580 1.166297 -0.054958 1.907913 3.058205 1.218486 -0.867249 2.509992 -1.749679 -1.460374 -0.961442 3.685674 0.209474 1.308349 0.402919 1.268008 2.669190 -0.920276 -1.354287 -1.883723 -3.536987 -1.006961 2.972561 3.862883 3.602316 2.745368 0.698313 -0.563242 -0.859998 1.351924 1.184769 4.074266 -0.483615 4.124628 1.636397 -2.498221 0.228467 -5.707508 0.537974 0.162507 -1.132493 -1.752511
1.114551 -3.295662 1.934793 1.852420 1.702138 2.463677 5.105127 0.429490 0.366474 1.877408 -1.864231 -0.933339 -0.410412 4.583564 -1.168530 -0.510229 1.426881 1.050775 -1.349669 0.441238 1.057776 2.001819 -1.391555 0.598886 4.745052 2.682809 -0.754884 -0.604330 4.352860 -2.328447 -3.138274 2.038461 -1.281358 0.071050 1.934029 1.770618 3.294076 -2.274588 -2.998816 -1.577467 -0.446374 -1.138904 -1.663446 0.275728 -0.173747 0.045265 2.381029 1.251146 2.067347 -1.741893 0.226439 -2.055996 0.828057 -1.137883 -1.183196 1.280650 -0.861331 0.412174 0.181864 -1.335423 0.637275 1.123390 0.082721 -1.299297 2.243684 -0.547065 3.060277 -1.180761 1.279679 -1.821693 -0.658982 -1.036403 -1.516922 -0.326160 -0.029813 -0.716866 1.042009 1.050206 3.850990 0.832776 -1.812840 4.258287 -1.527194 -1.979423 -0.872193 -2.791109 0.803578 1.436814 4.613234 -0.828522 -1.659660 1.875929 -0.503460 3.101541 -2.959185 -1.332382 -2.441585 -1.907681 -4.520570 -1.725476 4.576699 1.442226 -2.078805 0.056647 -3.577967 1.259998 1.620777 1.372142 0.824759 0.371591 3.186771 -1.071323 0.776793 -3.242639 1.735818 0.093828 -1.153047 -0.146272 2.839389 2.710088
-0.250513 -0.755376 1.216958 2.171177 -0.289361 -0.032754 0.993084 0.568519 0.647821 -0.331441 -0.419084 -2.615368 0.956138 0.965340 -1.315111 -0.540736 0.436147 -1.521090 0.837333 -0.232959 1.118333 0.857891 -0.203479 2.014731 0.154264 0.889759 -0.406839 -0.962378 2.917348 -0.931166 -1.876657 0.688020 0.899482 1.105132 0.831811 -0.725955 1.424828 -2.084341 -2.059242 -2.376822 0.645405 1.122224 0.089073 -0.086100 1.488460 -0.168546 -1.259428 -0.347711 -1.318214 -1.030953 -0.094277 0.794175 0.535971 -0.655554 0.471523 -0.168854 -0.561881 0.802241 -1.065696 -0.097064 1.210502 -0.406984 0.964617 1.449072 1.890354 -0.436389 0.464362 -0.789520 1.031510 -1.570806 -0.244402 -1.602181 -0.202921 -0.096184 1.176358 -1.088828 0.780185 0.091573 1.690892 0.657055 0.082128 0.862176 1.348025 -0.037956 -0.668592 1.288178 -0.971715 -0.315466 -0.708256 0.484311 -0.057013 0.809713 0.412740 0.900466 0.632724 -0.927045 -0.466827 -0.429091 -1.714552 -0.823322 0.990975 0.561829 1.135739 1.281501 0.182258 -0.299467 0.592222 0.346427 1.013133 1.582883 -0.174983 0.948986 0.361047 -1.282878 -0.110106 -1.858724 1.676015 0.486754 0.351884 -0.236972
0.713547 1.997892 -4.721134 0.967011 -2.180899 -3.476716 -3.021482 -2.423996 2.220265 -3.146436 0.660284 -0.784647 0.269077 -3.850700 0.077945 3.426624 -2.345727 -0.403358 1.327242 -2.118008 0.105088 -2.040373 0.717574 2.057472 -5.149570 -3.813678 -0.171786 -0.756408 -1.246476 4.094558 1.435344 -0.047846 1.931135 2.139349 -0.152324 -2.113901 -2.901784 0.960219 1.736573 0.309657 -0.439634 3.635827 3.162432 -0.029597 3.398974 -1.408878 -5.401554 -0.695447 -2.739948 1.732244 -0.226204 4.266406 -1.549811 -2.145108 0.106800 -1.874321 -0.330155 1.591448 -2.410966 -0.325930 -1.104429 -1.263333 -1.810392 3.294255 2.802735 -1.678674 -4.420364 -1.451985 0.367186 0.028241 1.740459 1.832951 2.035060 1.829956 0.655223 -0.428355 -2.240272 -1.462737 -5.024368 0.795666 2.384013 -1.808248 2.900046 2.392130 1.004053 3.991398 -2.131191 -2.801373 -3.332630 1.276175 2.524093 -2.366929 2.301508 -4.538326 2.131301 -0.604470 2.421211 -0.634507 2.243862 1.491649 -2.813706 0.902473 1.313186 -0.057355 4.378926 -1.127754 -0.645944 0.601171 -0.688295 -0.933841 -3.006418 1.266549 1.188315 1.083975 -3.500009 -4.655826 2.974432 0.697460 -2.564471 -3.987895
2.354671 2.371881 -3.057149 -0.324286 -0.149881 0.277994 -3.862873 -1.950416 0.622256 -0.586232 0.848406 3.318452 1.905845 -3.077765 3.556547 3.920887 -1.301835 0.375506 1.160852 -2.054281 -2.044018 -2.929757 -0.006123 -0.386690 -3.713575 -3.522470 -0.799698 1.237941 -3.058010 5.689522 3.554507 0.183587 0.179792 1.754446 -2.337939 -2.400317 -3.309818 2.871460 2.260782 1.842483 1.451031 0.478814 1.716062 0.339827 2.625037 -1.598589 -3.346572 1.249426 0.443460 2.259277 -1.135167 3.295232 -2.901643 -2.291712 0.901782 -0.595607 -1.379622 -0.441481 0.949231 0.737608 -3.259004 0.029136 -1.409966 -0.037575 0.916006 -0.646672 -5.457920 -0.188343 -0.806655 1.906852 1.180740 3.511353 1.254421 1.492784 -1.516928 2.109444 -1.052997 0.171939 -3.355263 0.393063 2.568755 -0.896585 2.092643 2.806126 1.261217 3.382891 -1.070685 0.316462 -3.830379 -1.597769 1.932804 -3.915628 2.718139 -3.062323 -0.192680 -0.956250 1.642655 -0.211694 2.580302 2.212344 -2.773610 -1.421494 -0.039597 -1.343422 3.861402 -1.046152 0.858728 -0.228630 -1.658098 -1.365205 -2.199305 -0.998448 0.266708 2.196977 -2.108735 -1.427129 2.790019 2.188422 -2.669159 -1.112459
-4.590175 3.220342 -1.355921 -2.971618 -2.403175 -3.081156 -7.795340 0.273672 -0.613447 0.235462 4.298062 0.021909 -2.661002 -4.729921 2.552069 -0.948230 0.953024 -0.306073 0.993428 -1.366953 -0.470963 -0.173703 0.299062 -0.631711 -3.116545 0.629413 0.302264 2.328566 -4.659348 0.820988 1.023203 -4.777058 -0.113239 -0.791508 -1.763664 -2.276582 -1.927895 3.646995 2.129490 1.465246 0.514251 0.224677 -2.153823 1.099542 -2.296829 1.880208 -1.088972 -1.850581 -2.256730 0.314807 0.568081 3.028188 -1.447947 2.686495 1.041379 -2.245041 0.419950 -1.897864 0.182375 0.457836 1.160762 0.291920 -2.251807 -1.352495 -2.993478 1.094978 -2.306563 3.372233 -2.703877 2.169375 0.239225 -0.939058 0.289945 0.964997 1.888845 1.868235 0.686553 -0.833678 0.356918 0.570929 0.930567 -6.409898 -2.463286 1.573568 0.792579 -0.063988 -1.466409 -2.781286 -1.041914 1.232867 1.327001 -0.465348 0.730072 -4.445712 3.970806 2.228603 1.047255 4.103032 4.453138 0.596892 -4.553942 -0.676628 -0.033833 0.312631 2.547927 -1.132111 -1.891401 -1.832431 -1.099415 -2.480607 -3.733957 0.297767 -1.250017 1.188704 -2.007395 3.766411 0.611865 -0.012010 -2.045782 0.589710
2.812078 -0.076111 1.336114 -0.669884 2.100859 2.372848 2.626492 0.848817 -0.309287 0.794767 -1.738429 1.864595 1.254164 1.444136 0.574774 0.093403 -0.528639 -0.392032 -1.960214 0.441447 -1.793585 -0.911157 0.053584 -1.397277 1.941250 -0.093123 -0.199560 -0.174395 -1.422056 2.045458 0.706891 3.501972 -0.544921 -1.518403 -1.965529 1.026243 0.026131 1.434805 0.216166 0.767088 -0.706813 -2.255154 1.109562 -0.078725 0.801621 -1.186488 1.139426 1.621253 2.864856 0.920225 0.069192 -1.514250 0.982763 -0.631643 -0.568043 1.912404 -0.073864 1.252412 1.376834 0.024595 -2.801270 1.216958 1.641611 -2.289152 0.884512 0.208813 -0.018203 -0.591311 0.172357 1.213788 0.782511 1.802625 0.569239 -1.645893 -2.775963 0.936146 0.390965 1.754911 -1.946835 -1.813508 -0.230040 1.294796 0.448850 -1.009587 0.751583 0.801470 0.864694 3.211283 -0.619760 -3.085775 -0.564039 -2.210387 -0.520859 1.543056 -2.793466 -0.438041 -0.246243 -1.934896 -0.431035 1.403338 0.358944 -2.606964 -0.083093 -0.817167 -0.450730 -0.523982 1.648903 1.393155 -0.336936 1.513755 0.890924 -1.956834 0.155756 0.340608 0.200205 0.795268 -0.319620 0.880698 0.443327 1.360861
5.031979 0.205827 -2.315777 1.112503 2.002148 5.718406 -2.646732 -1.895041 1.026890 3.993087 5.382583 1.675088 0.985826 2.555702 7.782212 1.899872 1.175481 0.266707 4.321159 -3.147427 2.729856 -0.067393 -0.381516 2.884138 1.305061 0.580063 -5.295449 4.867285 -0.898436 6.926859 0.786475 -3.908347 -0.627298 4.557312 -0.617947 0.439726 0.691711 2.328297 -1.175753 2.735825 3.991574 -4.718112 -1.749538 -0.821522 1.011928 -2.483150 -1.951639 -0.961984 4.919851 0.034875 -2.519955 7.461156 -6.937663 -5.465262 0.949244 -2.673960 -2.666267 -1.342795 0.693811 -2.049836 -1.849677 3.159269 -0.297913 -1.805737 3.383448 -3.003461 -5.380770 1.148520 -4.134909 3.076988 0.425128 0.443835 -5.777680 6.195098 0.900290 4.759984 0.426119 1.338486 2.913918 2.162185 1.792296 0.478266 -1.931998 3.393479 0.149338 2.575457 -3.042981 4.525140 0.344857 -3.678772 1.586832 -1.675857 2.368349 -5.750872 1.859347 -3.938986 -1.454697 -5.058347 -2.111391 2.373850 0.059538 1.127793 -4.651544 0.192806 0.258678 -3.971766 3.717911 0.057937 -2.002835 -3.666002 -0.662777 -6.712116 -2.328039 -0.792196 -4.914392 3.059851 5.414088 1.034706 -2.828468 3.135770
0.062187 -3.049798 2.735889 0.975480 1.137119 1.472298 3.208915 0.971397 -0.096741 0.104702 -2.193430 -0.998102 -0.420411 3.826995 -2.383873 -1.723882 1.123352 -0.125136 -0.815946 1.558739 0.663787 2.309760 -1.248759 -0.317586 3.348396 2.773897 -0.256489 -2.053173 2.005456 -3.019322 -1.566029 1.316897 -0.643464 0.241269 1.387810 2.125582 1.655300 -2.534576 -3.195966 -1.202041 -0.591270 -0.552847 -1.430914 -0.830734 -1.108827 -0.552282 3.147411 0.210341 0.532280 -0.459632 -0.255665 -3.276207 0.734332 0.395816 -1.062518 1.495994 1.024872 -0.822447 0.221035 -1.170290 1.242215 -0.570222 0.283562 0.385214 1.234366 -0.048049 3.927717 -1.530712 0.327982 -2.722509 -1.403872 -1.368286 -0.928385 -0.476622 -0.523735 -0.635262 1.261034 0.655518 2.097780 0.390514 -1.819887 1.853901 -0.625144 -1.759038 -1.335990 -2.382623 -0.236124 1.375258 2.756897 0.725557 -1.368152 1.643729 -1.506233 3.406720 -1.815197 0.189485 -1.508661 -2.012431 -2.941337 -2.597464 3.167678 0.739244 -0.393417 0.002639 -2.710702 1.310350 0.561521 0.331441 0.618970 0.125465 2.133646 -0.132500 0.474271 -1.703095 2.075179 -0.305753 -1.600440 -0.315648 2.377684 1.245646
-5.545435 0.091884 -2.142673 -1.357860 -2.292979 -2.702539 -2.865905 -0.146095 0.021763 -4.029109 -1.387508 -1.908041 -2.406119 -2.729163 -2.390900 0.530402 1.253895 -0.249046 -0.978994 0.395936 1.181380 2.814956 0.254947 -1.412264 -2.404136 -0.403833 1.103289 -1.110364 0.042692 -3.429196 -0.034459 -1.695663 -0.409194 -0.898778 2.309821 -0.581473 0.033935 -2.187384 -0.686549 -0.101215 -1.082206 3.258345 -1.267142 1.216860 -2.908464 3.174879 0.040400 -1.072687 -5.094636 -0.290063 0.784024 -0.575600 0.308486 4.417089 -1.354176 -0.209303 1.267932 -2.435467 -2.698514 0.451435 4.330147 -2.496212 -2.997798 1.096413 -2.542701 0.726748 0.762137 0.235888 0.477107 -1.140704 1.393802 -1.253717 2.249504 -0.302750 2.419835 -3.149872 -1.304212 0.214856 -0.301862 -0.266364 -1.060227 -3.909777 0.392438 -0.972443 -0.790015 -3.018299 0.509899 -6.187318 0.913415 3.956207 1.269358 2.229108 0.082043 -0.936562 1.562797 5.007636 0.154718 3.231762 1.731919 -2.166889 -0.096329 3.153612 0.703950 -0.510509 0.593439 0.710585 -2.406441 -1.999200 -0.363351 -1.051969 -1.192806 4.758633 1.281808 1.044635 0.691929 -2.254765 -1.535840 -1.312589 0.387526 -1.613534
-0.157684 0.833231 -4.211602 0.819854 -1.803163 -0.341374 -0.805936 -1.829238 1.139157 -3.420044 -0.115982 -0.157572 -0.204272 -3.040831 -1.180887 1.477246 -0.883678 0.044293 0.005203 -1.461936 0.465326 0.238555 0.910999 0.340730 -2.638002 -2.971099 -0.726053 -1.970576 0.069957 3.715656 0.004195 -0.014422 0.374955 1.872976 1.209635 -2.687359 -1.023283 -0.334047 1.242823 0.162546 -0.845848 1.963537 1.353226 0.805144 2.307141 -0.264193 -2.969582 -0.051469 -2.064373 1.388942 0.432889 3.014245 -1.045349 -0.859902 -0.390652 -1.118957 -0.274332 -0.294016 -0.686318 -0.027157 -0.436814 -2.641097 -2.517652 2.220683 1.605378 -1.603633 -3.009783 0.317407 0.612349 0.463742 1.492093 2.235853 2.079945 1.116604 -0.216330 0.165871 -1.293915 -0.126178 -3.130521 0.270934 1.337429 -1.619453 1.189531 1.555243 0.885725 0.967415 -1.151172 -2.471261 -0.880786 1.603936 1.316286 -0.302355 1.166761 -1.973910 -0.649992 -0.047918 2.075350 -0.112288 2.262338 0.033811 -1.628726 0.777928 0.010907 -2.078303 2.284686 -0.811432 -0.291790 0.209930 -1.828637 -0.825652 -0.262621 1.706833 1.117356 2.469845 -1.604166 -3.465113 1.632856 1.043629 -1.231433 -2.925262
-2.587771 -0.011674 0.752750 -1.892420 -0.531165 -1.105353 0.570687 0.159192 -1.564370 -0.141311 -0.868400 -0.277389 -1.590593 -0.410862 0.411709 -0.892072 1.309045 -0.173926 -1.840386 1.789971 -0.456563 1.854064 -0.550775 -2.710937 1.966235 0.214999 1.168632 -0.001806 -1.456313 -1.595895 0.079389 -1.723352 -1.029501 -1.683766 0.307405 -0.197468 0.415923 -0.184588 -0.071266 -0.626423 -1.386643 -0.016204 -2.177122 0.800438 -3.367383 1.843880 1.453345 -0.103069 -0.083518 -0.032327 0.455340 -3.089663 1.415723 2.911944 -1.576122 1.948033 1.273101 -1.324392 0.647636 -0.744691 1.979922 -0.869543 -1.536317 -2.781637 -3.464427 1.279672 2.089462 2.174314 -1.239657 0.012839 0.038042 -1.552069 0.976562 -2.079730 -0.295003 -1.260109 0.461986 0.262239 0.669878 -0.008415 -1.393819 -1.037599 -2.375482 -2.496053 -0.464728 -4.011891 1.540763 -1.218666 2.250560 -0.309490 0.210195 1.132944 -0.804021 0.798269 -0.669938 1.641133 0.237556 2.056125 1.286296 -1.058066 -0.730054 -0.794443 -0.874419 0.239952 -1.679870 1.749556 -1.080065 -0.350062 -0.707285 -1.369936 0.396938 -0.545161 0.248528 0.996263 1.526845 2.531037 -0.994400 -1.261583 1.953412 0.631890
-5.810584 2.638714 2.515985 -1.921476 0.005074 -4.301463 -6.208985 2.097774 -0.184338 0.698164 2.782320 -0.684623 -1.570774 -2.427340 0.073889 -2.383414 -0.855841 -0.575278 -1.164732 1.191210 0.280859 -1.328761 -0.023802 0.048076 -1.899012 0.395782 2.399932 1.233479 -3.167222 -3.835310 1.733302 -3.205366 -0.421635 -3.111259 -1.713340 -0.531478 -2.725056 2.344731 0.656181 0.589530 0.770351 0.201445 -1.647925 -0.269283 -2.860481 2.283020 1.195660 -2.828904 -1.757142 -1.229790 0.286481 -0.752632 2.485687 3.471626 0.708127 -3.631834 1.023606 -1.590548 -0.426144 1.596756 2.167061 1.813091 0.701081 -1.318196 -4.920990 3.422370 2.013026 1.748349 -2.685726 0.325793 -1.231946 -2.545138 -0.017461 -2.145012 1.841784 -0.962658 0.531516 -1.765663 0.302247 -0.131172 -1.427313 -3.134995 -2.664980 0.313984 -0.294064 -0.284576 0.222582 -1.019291 -2.728182 1.547634 -0.370796 0.149354 -1.902506 -1.391354 5.368228 3.282202 -1.072059 5.780043 3.379183 0.894705 -3.009515 -3.882863 2.765264 3.472474 0.133626 -0.253687 -2.422635 -3.503804 1.220370 0.423446 -2.072933 1.304068 -1.715213 0.949366 -0.574652 4.024871 -1.448020 -1.692216 -0.524961 0.215027
10.528223 -0.202326 -0.724618 3.491916 2.245605 4.668510 1.345269 -0.258485 2.445511 4.816164 3.653768 2.044451 5.753336 1.458401 7.156855 2.668225 -2.295550 -0.671475 4.746376 -2.146619 -0.945465 -4.326504 0.796646 4.019887 -0.973470 -0.486921 -4.039076 3.719331 -0.546138 8.630705 0.898293 1.730974 1.420435 5.091980 -2.616727 1.365238 -0.088968 3.343053 0.353141 2.278591 4.373246 -2.648551 2.697315 -3.456128 6.278567 -6.436598 -3.130391 1.988311 6.730970 0.030367 -1.864617 7.584804 -3.953235 -9.716132 3.679387 -3.572985 -2.581049 4.223948 1.334062 0.236158 -7.635116 5.190861 5.305021 -0.127357 7.079581 -3.012328 -6.932875 -3.161092 -0.319073 1.566115 -0.949762 2.899519 -4.450475 4.521411 -0.930265 5.048744 2.074318 -0.081927 -0.366989 0.144646 2.561706 4.695488 0.969622 3.543829 0.642975 8.426511 -2.400287 7.962168 -2.688819 -6.660616 0.588365 -4.605969 3.291685 -2.001591 -0.387906 -8.200545 0.078606 -7.941395 -4.535833 5.670928 1.035187 -1.147197 0.277529 0.781960 1.208327 -4.783596 6.617021 3.156618 -1.825906 1.465488 -1.704919 -8.349423 -1.770152 -2.276717 -5.057595 -0.332306 7.298330 2.786274 -2.997486 2.214868
-3.820889 2.723176 1.925819 -1.329038 -0.769675 -3.202634 -5.236408 1.954718 -1.123828 0.331508 3.786266 -1.470363 -1.313280 -1.009331 2.044399 -0.794197 -0.461938 -0.088336 2.897080 0.206632 1.602356 -1.187054 0.484204 2.861886 -2.723901 0.530851 0.415275 2.208346 -1.318938 -2.661233 1.276693 -4.007061 1.036133 -0.758413 0.077801 -0.954814 -1.540032 0.329962 -0.140971 1.329820 2.283821 1.408561 -0.060119 0.032349 -1.253908 0.711418 -2.168696 -3.243573 -1.282957 -1.162211 0.066761 2.722243 0.094881 1.012209 1.774433 -3.699121 0.441833 -0.509295 -1.020324 0.951403 0.780104 1.307585 0.372937 1.326884 -2.662694 2.549369 1.286240 0.588649 -1.338352 -0.306087 -0.153677 -3.290844 -0.860172 0.148202 1.981202 -0.383974 1.444771 -2.003182 1.643824 0.560690 0.788140 -3.129783 -2.389982 2.495401 1.102579 0.621460 -0.242712 0.081390 -2.382447 0.837338 0.630045 -0.572425 1.005650 -2.396362 5.293538 0.555612 -0.078315 2.438641 1.796758 1.082971 -2.482772 -0.739708 2.047260 3.400621 1.828913 -1.548381 -1.539718 -1.601353 -0.732582 0.855941 -1.883132 0.100548 -2.453890 -0.694171 -1.727815 2.545169 0.708168 -0.813760 -2.011436 -0.562310
0.717554 -0.937006 -1.330695 -0.683489 0.594209 2.118782 1.718952 -1.098263 0.216959 0.354731 -1.109634 0.544486 -1.459959 1.131113 0.126652 0.064855 2.099658 -0.082231 1.001061 0.601488 1.480067 2.798023 -1.637418 0.536780 2.282180 0.734236 -1.425631 0.743227 1.219659 0.496029 -0.952292 -1.557438 -1.474100 1.663542 0.373257 -0.004299 1.229463 -1.681907 -2.018950 -0.195613 -0.746994 -1.743503 -1.007947 1.169208 -1.901259 1.471190 1.556955 0.482344 0.374458 -0.538510 0.560848 -0.414829 -1.803918 -0.521703 -2.095484 1.039603 -0.547673 -2.057305 0.350902 -1.627564 2.099257 -0.529469 -1.959407 -0.150969 0.770635 -1.459990 -0.480208 1.210203 0.063574 -0.336312 0.464361 -1.062120 -1.098216 -0.068013 0.354773 0.406343 -0.421093 1.505272 1.957167 0.892360 -0.786630 -0.295884 -0.344727 -0.732360 -1.324614 -2.358527 0.175884 -0.664387 2.242073 0.341160 -0.530052 1.432820 1.442804 0.139720 -1.897011 -0.783101 0.129431 -2.037937 -1.794090 -1.873367 2.423843 2.544994 -3.277169 -1.340091 -1.850726 0.360400 0.291962 0.014243 0.284444 -1.869651 1.653658 -0.308890 0.775113 -0.850458 0.301691 0.377072 0.480708 -0.990283 0.632186 0.903751
-1.011241 -1.109878 -2.366487 -1.816656 -2.257547 4.579151 -2.022137 -2.793437 1.091772 -0.246610 0.074259 2.673544 -4.882602 2.557145 1.501793 0.785186 5.993532 0.732187 0.363857 0.226097 2.244418 7.415859 -1.735338 -1.840067 3.653203 3.453290 -4.594380 2.335025 -0.288082 -0.521886 -2.685537 -5.684621 -4.214782 2.549391 4.220206 -1.065142 4.857290 -2.635857 -3.393508 1.337503 -0.560014 -3.412990 -7.183707 2.467292 -6.210127 3.312435 4.136454 0.353223 0.723763 0.038873 0.795296 -0.981627 -5.505802 2.574918 -4.298072 4.755886 -0.067150 -6.685653 1.935283 -6.509933 4.532392 -1.164482 -7.370710 -4.161847 -1.804984 -2.360135 -0.642978 6.350617 -4.092716 1.409037 3.046574 -3.706236 -3.242331 3.738842 0.900496 0.110408 0.327503 3.273232 4.859333 1.232059 -1.272723 -2.816616 -4.805773 -2.160028 -1.936392 -7.502916 -0.309379 -5.901141 7.493089 0.031237 -0.290905 3.981245 1.127118 -2.032745 -2.501225 3.691856 -0.694795 -0.705487 0.309365 -4.266115 2.687296 4.185640 -9.477158 -4.128253 -2.915988 1.134899 -0.577885 -3.947909 -0.947910 -7.808945 2.368811 -1.650883 0.618287 0.587780 -0.021980 4.288209 0.005708 -3.578901 2.785639 1.734391
0.812438 -3.271598 -2.103809 2.738299 -0.372256 3.282649 2.020088 -1.451046 1.027590 -0.700248 -0.905657 -1.847710 -2.014358 2.770750 -1.776642 0.348122 1.383166 1.141942 2.254302 -0.921672 2.470955 2.705193 0.197119 2.237240 0.766328 0.837759 -2.666721 0.042224 5.198758 -0.705423 -3.456714 -1.304737 -0.614547 2.513603 3.950748 0.165679 2.707807 -3.920410 -2.908949 -1.083423 -1.232279 0.922013 -2.300107 -0.339694 1.488874 -1.328437 -0.394552 -0.316152 -2.406781 -0.891613 -0.058106 1.976461 -2.455582 -2.073485 -2.355634 -0.452632 -1.928934 0.613633 -1.936108 -2.115033 2.034154 -2.168783 -1.248874 2.388627 2.536780 -2.240076 -0.572232 -1.458667 2.254396 -2.475197 0.294194 -1.694124 -1.099489 1.419758 0.952682 -0.593289 0.129814 0.683326 3.277180 1.909476 0.396415 0.150061 0.253180 -0.450338 -0.809680 0.645827 -1.554213 -2.868222 2.934621 1.963012 0.409111 2.143619 1.168476 -0.137549 -1.125705 -0.599345 -0.611779 -2.613230 -3.432176 -2.699643 3.944256 4.256901 -2.273401 -1.330626 -0.195442 -0.420070 0.541531 0.467903 -0.517356 -0.025829 2.224542 1.124994 1.219240 -2.244934 -0.254213 -3.947371 2.504843 -0.911400 -0.777759 -0.311038
6.406466 -0.623679 -3.060883 2.725435 1.425214 3.700934 1.409609 -1.832902 1.642498 0.255043 1.290110 2.197182 3.738943 1.255129 1.948729 3.383734 -1.678484 0.654971 1.742410 -2.848286 -0.535704 -2.861968 -0.766574 1.831998 -0.952688 -1.956587 -3.430517 0.415298 0.811697 7.214600 -0.008168 2.274135 0.990328 3.354249 -0.728480 -0.968178 -0.070643 1.506267 0.739181 1.105125 1.354081 -0.769822 1.800445 -0.447187 3.991362 -3.255500 -1.325356 1.475127 2.650101 1.804165 -1.101737 3.377286 -2.234367 -5.464570 0.944237 0.555981 -2.523688 1.301010 0.722371 -1.686120 -3.937309 1.006845 0.376985 -0.476886 5.096934 -2.946723 -4.190665 -1.929980 0.208370 1.152470 0.476950 2.337946 -0.108549 2.376607 -2.052220 3.028658 -1.001981 0.893530 -2.663983 1.231143 1.036762 2.859490 2.909296 1.660453 0.319016 3.352447 -1.737850 2.891492 -1.705981 -2.975382 1.177950 -1.754456 1.627224 -0.767788 -2.034588 -4.024122 0.910329 -3.980234 -2.935791 2.209876 -0.568175 0.645309 -1.498427 -1.410823 0.907960 -3.043550 3.450666 2.960179 -1.249596 -0.252537 -0.827967 -3.322410 0.267984 -0.748602 -2.347104 -2.758762 4.217442 1.310297 -1.803321 -0.364712
4.292908 -0.804083 -1.241362 -0.787099 0.546123 6.937917 2.913742 -2.144220 0.978752 2.133285 -0.137736 3.494348 -0.772776 3.578114 2.504685 1.941086 2.432469 1.904556 -0.231306 0.226580 0.120238 3.531890 -1.031842 -3.072863 4.714078 1.363579 -4.165696 1.351298 0.214589 3.606336 -1.119346 -1.647513 -2.382239 2.122120 1.108466 0.665406 2.372417 -0.412725 -2.429938 0.925290 -0.072187 -4.833724 -2.765218 0.378557 -2.173125 0.361714 3.433675 1.551505 3.221175 0.311661 -0.257366 -1.030266 -3.799343 -0.893119 -1.952652 3.932920 -1.032926 -1.871891 2.404112 -4.707977 0.309015 0.796562 -3.933386 -5.269704 1.014525 -2.985293 -1.471598 2.300858 -1.435686 1.933666 0.940425 1.112496 -1.717286 2.146403 -2.094126 2.108535 0.723574 3.216983 3.490291 0.888188 -0.691959 2.172531 -1.953599 -3.372896 -1.721090 -3.236387 -0.011147 1.698359 4.436430 -2.592206 0.068611 0.213431 0.770245 -0.267603 -4.808508 -0.810102 -0.260199 -3.619426 -0.735663 -1.425471 1.524955 1.186270 -7.446841 -4.338315 -3.640558 -0.600779 2.278440 0.351855 -1.073380 -4.402092 4.168639 -4.976734 0.556399 0.570883 -0.295665 1.701310 0.790499 -0.089524 3.071365 3.010287
-1.835968 1.900603 2.893274 -1.364608 -0.565316 -3.042824 0.007571 2.185257 -0.668230 -0.028612 -0.091646 0.571765 -0.753997 -2.578015 -0.558165 -1.109384 -1.116420 -0.288107 -2.050604 1.375621 -1.706468 -2.217246 0.443569 -2.348513 0.009627 -0.270136 3.412169 -0.825178 -3.605090 -1.676485 2.254176 0.276776 0.287286 -4.087825 -2.861808 0.872226 -1.789922 3.180489 2.196520 1.142592 -0.924021 -0.450467 0.022051 1.631734 -1.963730 1.373489 0.229972 0.151596 0.001192 -0.243872 0.590728 -3.719382 2.769846 1.692654 0.277784 0.131496 0.697197 -0.720400 0.852468 2.052443 0.225026 1.639329 0.902147 -1.057890 -2.945489 2.696625 1.370199 0.754993 -1.121670 0.657343 -0.336918 0.237023 0.927566 -3.263129 -1.180158 -0.913599 1.026742 -2.356282 -2.693484 -1.810982 -0.962434 -1.294200 0.220201 -0.886835 2.110700 -0.264742 1.718761 1.377628 -0.644544 -0.502558 -1.223321 -1.701451 -1.432047 0.901791 0.808517 2.417388 0.836768 3.734983 2.593782 1.666951 -2.753365 -3.113258 4.044030 1.153076 0.062304 1.648277 -0.332292 -0.848829 0.218426 0.869556 -0.685158 1.274607 -1.857733 1.258495 0.593728 2.362180 -2.572688 -0.082536 0.156776 -0.565317
1.646186 -1.169721 4.439573 0.854099 3.068895 -0.073923 2.328647 3.943809 -1.197030 3.402988 0.337894 1.406262 1.646448 3.286165 -0.179074 -2.589671 -1.830827 -0.780683 -0.665265 0.373395 0.224992 -2.182619 0.747130 0.707994 2.305814 1.921796 0.554784 -0.181767 0.909366 -2.339509 -0.880520 3.235749 -0.003441 -1.151695 -1.156067 2.008297 0.044533 2.081261 0.515795 -0.496842 1.482398 -1.879319 1.060233 -1.593322 -0.635000 -2.319485 1.178742 -0.219920 3.413272 -1.912339 -0.697888 -1.461045 2.972639 -1.015252 1.835313 -1.068086 0.491992 2.425104 0.312936 0.980334 -2.122699 2.823948 5.365603 -0.430429 0.032433 2.234191 2.100867 -1.750453 0.199100 -0.556803 -3.217335 0.166364 -2.376747 -1.981500 -1.611982 -0.406449 2.784088 -0.411978 2.720658 -0.664388 0.213470 3.720603 -0.647933 -0.406323 0.300071 1.425933 0.519101 5.751158 -0.538294 -1.600647 -2.017335 -1.111698 -0.254403 4.351878 0.658266 -2.311041 -1.364431 -0.571298 -1.859909 0.143063 1.287087 -1.875591 2.184173 1.970996 -2.587627 -0.551201 0.958491 2.833593 1.418751 4.208123 1.382573 -1.581603 -1.269743 -1.211852 0.514350 1.718911 -0.682091 0.562335 0.877360 2.435540
-4.275562 4.840113 2.578509 -4.527918 -0.150323 -6.164107 -5.990298 3.159352 -1.274828 0.907368 3.242452 0.948372 0.771738 -5.477192 2.831220 -1.291490 -3.230381 -1.455452 -1.407705 0.988654 -2.401041 -6.004532 0.801172 -2.350823 -3.738838 -0.986215 4.287584 0.916929 -8.251305 -0.860877 4.444958 -2.356192 0.836265 -5.665566 -4.740071 -0.846745 -6.608035 5.015623 4.060123 1.726604 1.033908 0.370042 2.420873 0.676947 -1.711545 2.011678 -1.758324 -1.649486 -1.278294 0.555406 0.464422 -0.317991 3.467823 4.176528 3.156821 -3.320691 2.735487 -0.813625 1.992965 4.468396 -1.096693 2.228807 0.998336 -1.339967 -6.142428 4.449343 -0.156797 2.397324 -2.548902 1.839393 0.441646 0.307015 1.372485 -2.966551 -0.746706 1.358752 0.748192 -1.666677 -4.631600 -2.165601 0.653164 -3.971851 -1.884787 1.556708 1.849468 0.393572 1.539427 -0.185439 -5.476264 0.668118 -0.050163 -2.693500 -1.639783 -0.745387 4.990517 1.865649 3.134831 7.129189 6.477591 2.896282 -6.894391 -6.965356 5.283170 2.358215 3.070667 -0.229277 -2.721587 -1.691507 -1.475857 1.278396 -4.842661 0.958391 -2.306207 2.795659 -0.198246 5.178154 -1.218313 0.766930 -2.700192 0.050680
0.378786 -0.980292 -0.140161 2.507783 1.134237 -2.243837 0.811873 0.988335 0.710225 0.430690 0.068517 -2.306602 2.252560 0.017182 -1.656390 0.444274 -2.629482 -0.827931 1.201220 -0.342231 -0.779228 -2.593785 1.023092 2.161324 -2.388067 -0.994132 0.990327 -2.197827 2.985762 -0.116284 0.096400 2.889985 1.727806 1.223261 -0.050087 -0.359393 0.416749 -1.060254 -0.098081 -1.444270 1.054655 2.391336 2.895647 -2.133452 3.380055 -2.720968 -1.975000 -0.533968 -0.311772 -0.675520 -0.445713 1.979647 1.092852 -2.271748 2.373941 -3.066708 0.040515 2.824450 -2.240987 1.833713 -1.216755 -0.163709 3.527802 3.066514 2.640641 0.152165 -1.486579 -2.392518 2.418791 -2.955364 -0.629989 0.459680 0.270065 0.751598 0.839246 -0.187944 0.476775 -1.638540 -0.030494 -0.511592 1.348905 1.866255 2.894265 1.389976 -0.098354 4.609171 -0.935277 1.930462 -3.637811 1.252571 1.700669 -1.057675 -0.248842 0.014712 1.924521 -1.866807 -0.555806 -0.574567 -2.174504 0.235749 1.104907 -0.902232 3.339452 3.732382 1.686378 -1.527957 0.163704 1.596247 0.681289 4.028195 -2.058491 1.826554 -0.074963 -1.336269 -1.435759 -3.103298 1.485514 1.169966 -1.991229 -2.027677
2.961220 -5.099218 -2.049826 4.307664 0.259083 0.353455 9.657353 -1.410629 0.155957 -5.551847 -7.454692 -2.430583 1.908614 1.666119 -9.236658 2.853592 -0.686208 0.534805 -2.315750 1.236374 0.616144 1.685879 0.101961 0.506272 1.164153 -3.013338 1.612708 -6.118318 7.589669 -1.133721 -4.168448 8.469873 1.402244 1.320251 4.999150 0.975681 1.478717 -5.153438 -1.434897 -3.739420 -4.332196 5.038267 4.416041 -0.853374 5.867010 -2.734296 1.011693 3.064895 -2.966797 0.488015 0.081521 -5.088368 2.968752 -2.585713 -2.587279 3.308990 -1.399838 3.349270 -2.897434 1.253337 0.375728 -5.329628 0.146365 4.797924 5.356836 -4.515080 2.886290 -4.910777 7.107256 -5.172919 0.779770 2.949762 4.598886 -3.131955 -1.967231 -3.067420 -3.027591 0.811640 -2.623461 -1.674154 -0.718154 5.397913 6.679864 -3.126738 0.212124 1.288560 1.049380 -2.815968 0.267140 2.284915 1.411158 2.905952 0.213619 6.028410 -6.114737 -0.826432 1.073685 -3.791555 -3.640485 -2.254499 4.449157 4.000719 2.294328 -2.968953 -0.766614 3.015058 -1.080977 2.048735 0.864779 3.908174 2.513389 5.733364 4.617912 -1.038040 4.614622 -10.469234 -1.883027 -0.203974 2.332026 -3.279512
-0.051594 -0.543332 -1.377723 2.923682 -0.230496 -2.400483 3.487991 -0.727076 0.314324 -4.019149 -2.589509 -2.577184 1.855372 -3.218343 -5.016667 2.688586 -2.829721 -0.304919 0.364604 -1.000924 0.049082 -2.518473 0.902469 1.418563 -4.166395 -3.473282 1.807895 -3.285744 3.411282 1.077876 0.247829 5.231895 1.991763 0.646707 1.174717 -0.997258 -0.448638 -1.694344 1.551056 -1.741367 -1.625883 5.423304 4.672046 -1.101033 5.297728 -1.751733 -3.799366 0.672921 -4.714895 1.087560 1.160259 0.374981 2.370206 -2.041444 1.915225 -2.470998 0.191737 3.584721 -3.058609 2.959658 -1.305335 -2.733496 1.419682 6.115292 2.203641 -0.695335 -0.742816 -5.287946 5.274986 -3.727820 0.738181 1.969716 3.960709 -1.667265 -0.526023 -1.909706 -2.347079 -1.731016 -5.162597 -0.231501 1.943383 3.405665 5.917472 1.214628 0.399005 5.824438 -0.310287 -2.266294 -3.342883 2.374514 0.860001 -0.145114 -0.364666 1.574638 -0.591308 -1.658295 0.958971 -0.127729 -0.776543 -0.212887 -0.102737 0.923666 4.313046 0.084157 3.997103 0.400107 -1.234125 1.736954 0.375622 4.264349 -1.200736 4.424013 1.392265 -0.201561 0.261244 -7.369925 -0.646788 1.158129 -0.110265 -4.677930
-2.890386 0.967348 0.884235 -3.681862 -0.665001 1.038571 -2.297787 0.263903 -0.928996 2.184353 1.329094 1.184425 -3.770749 1.156433 2.528297 -1.980864 3.385800 1.606571 -2.086671 1.476106 1.605709 3.949266 -0.805263 -2.500337 3.134444 2.085123 -1.069923 1.914164 -3.125381 -2.787727 0.798585 -4.137806 -2.597054 -1.556918 -0.462753 -0.235354 2.050026 0.370313 -2.684101 2.148271 0.425412 -4.131054 -4.881952 1.816958 -6.240358 3.476927 4.234125 -0.919954 0.506221 -1.474498 0.636799 -1.224561 -1.667545 3.697522 -1.951103 1.611786 0.676130 -5.800371 1.793398 -3.174732 3.293936 1.005424 -2.953542 -3.822073 -3.521609 1.330426 1.574823 4.536517 -3.968054 2.970714 0.140334 -2.140657 -3.050048 -0.046799 1.345186 0.694611 1.687714 1.562533 3.669365 0.457209 -2.310958 -3.904263 -4.850277 -1.044311 -1.213717 -7.227666 0.688250 -1.722373 4.978956 -0.675702 -1.398256 1.752480 -0.967321 -0.211087 -0.034385 2.290027 -1.995258 2.195089 1.252550 -2.588909 0.154069 0.487192 -4.493990 -0.342727 -2.294695 -0.090655 -1.207908 -2.391994 -0.299575 -4.325856 1.116488 -1.541076 -1.401870 1.141354 1.223883 6.490612 -2.442428 -2.452180 2.054559 3.334615
-1.945839 -1.212066 0.636299 0.203918 -0.242099 -1.034037 0.125120 -0.080332 -0.213155 -0.685265 -0.802829 -3.605530 -1.331368 0.435066 -1.257395 -1.271550 0.632194 0.665091 -0.500188 0.558100 0.932166 0.720536 -0.376018 0.246184 1.560485 0.889715 0.955068 -0.635607 1.097399 -2.340081 -0.592429 -0.225486 0.719181 0.260403 2.493538 0.176220 0.536315 -1.980744 -0.378450 -1.859590 -1.580378 1.479903 -0.732961 -0.158449 0.351715 0.089312 -0.797692 0.433461 -2.050767 -1.392722 0.944102 -0.868538 0.885690 0.921957 0.008351 -0.697719 0.973803 -0.852743 -0.813089 -0.342931 2.432381 -0.862777 -0.201141 1.740574 0.622573 0.418277 1.144119 -0.884284 1.155948 -1.588802 0.134466 -2.307985 0.301548 -0.296399 0.599249 -1.664229 0.013049 -2.187439 1.051091 0.001292 -0.077884 -0.466453 -0.021685 0.442397 0.173600 -0.242591 -0.433007 -1.207198 0.603544 1.588548 0.121010 1.185207 0.224542 0.654273 1.153230 1.407121 0.020794 -0.270913 -0.514322 -1.026731 1.532879 0.917838 0.255469 1.153328 -0.716499 0.378162 -0.354226 -0.309512 0.168279 0.369275 0.415933 1.156972 0.319157 -0.758404 1.135048 -0.992997 -0.986598 -0.190174 0.373503 -1.086440
4.197624 2.374530 -4.980147 0.351529 -0.095705 2.536906 -4.830099 -3.836666 2.041640 0.768488 5.081505 2.458941 0.646006 -1.120580 5.924874 2.531827 1.527228 0.599505 3.884997 -2.806518 0.798567 -0.672451 -0.454331 2.473829 -2.786317 -1.847187 -3.355179 3.498874 -2.009985 8.497802 0.721981 -3.254147 0.799927 4.243511 -0.676351 -2.143608 -1.031779 3.049345 -0.139140 1.459771 3.165834 -1.614410 -0.838124 -0.067356 2.529791 -1.944794 -1.856798 -0.833473 1.962385 1.901998 -1.074693 7.511861 -6.634987 -3.822323 1.498860 -0.975823 -1.327743 -1.691077 0.727953 -2.663998 -2.665569 2.016853 -2.182267 0.834954 2.225919 -2.951290 -7.421344 1.158852 -2.418446 3.490146 1.557443 0.760369 -2.608281 4.814017 0.718664 4.073996 -1.790510 1.675779 -0.452291 0.589600 1.990260 -1.771540 -0.333888 3.234456 -0.018842 2.974044 -2.143234 1.268167 -0.318919 -3.499747 2.076104 -2.274660 3.501320 -6.606311 0.773315 -2.351987 0.136798 -4.184415 -0.058752 2.555743 -1.613463 1.709896 -4.128802 -1.186681 3.034141 -2.952961 2.397254 -0.032434 -2.118390 -4.606585 -1.987484 -4.131386 -0.178419 0.600346 -4.228006 -0.068232 6.211298 1.281750 -3.540208 -0.092048
1.401590 2.210389 1.290826 -1.937476 1.544649 -1.717277 -0.074714 0.994860 -1.279414 -0.801807 0.290882 2.482658 2.540160 -3.145491 -0.222076 0.216037 -3.592459 -0.785525 -4.535518 0.826232 -3.639645 -3.633212 -0.232887 -3.381016 -1.495190 -2.722135 3.157215 -0.354124 -4.681468 2.715808 4.105554 3.657751 1.500671 -3.449880 -2.644357 -0.594648 -4.444444 4.029457 3.810676 1.007434 -1.434079 -0.540603 4.182021 0.788902 0.849667 0.273392 0.448126 0.570200 1.375610 2.037896 0.283729 -2.201908 1.949766 0.329782 0.306378 1.321882 1.741216 0.916419 1.050064 2.463780 -4.286261 -0.098509 1.291002 -2.218122 -1.442888 1.789372 -0.445894 -0.172607 -0.018541 2.412916 0.590173 4.314192 2.955631 -3.327760 -3.518275 0.583833 -0.932383 -1.164159 -6.579491 -2.381351 0.557073 0.946655 1.144638 0.144890 1.457804 1.925235 1.439797 2.144150 -3.338347 -2.406571 0.080725 -2.515164 -0.743236 2.271052 -2.156889 0.647457 1.097299 3.690733 4.194955 2.824162 -4.189358 -5.098538 2.391881 -0.531067 1.368675 0.743209 1.121134 1.211708 0.347608 1.180981 -1.701461 0.606695 -0.452538 1.980710 2.011403 2.054269 -2.098039 2.749278 -0.106380 -1.071042
1.450616 -0.394124 2.088821 1.253620 1.555077 0.752643 3.307895 1.224111 -0.541172 2.430530 0.140292 0.414813 1.101064 1.971703 -0.202753 -0.844494 -1.078228 0.383336 -0.448025 -0.266751 -0.684654 -1.013083 0.106775 1.327197 2.167242 0.559727 0.399927 -0.448581 1.492345 -0.328054 0.328913 1.965690 0.821568 -0.123394 -0.955784 2.745356 0.902893 -0.304181 0.299723 0.603159 0.515838 -1.407686 0.352898 -0.394481 1.095998 -0.879639 1.110183 1.390434 2.079626 -0.136165 -0.284307 -1.195022 1.336727 -1.005838 0.196964 0.668593 -0.790267 1.211392 1.517028 0.987181 -2.356842 0.805385 1.528068 -1.152911 -0.437339 0.350722 1.079684 -1.434186 -0.257759 -0.569014 -1.538235 0.867743 -0.193897 -0.428413 -1.053786 1.243593 0.608882 -1.057744 0.790360 0.719596 -0.441713 2.617644 -0.904467 -0.097743 0.438857 0.806243 0.194766 3.009496 -0.358829 -1.382343 -1.460258 -1.007776 -0.847985 2.270178 -1.350722 -1.380678 -0.818080 -1.506278 -1.979616 -0.106961 1.787479 -0.936272 -0.050506 1.210758 -1.917749 0.083348 1.862907 1.747250 0.820616 1.998761 1.720037 -1.016797 -0.866527 -1.483568 -0.243367 0.608518 -0.640131 1.045386 1.082819 1.950554
0.274244 1.751011 0.828870 0.986990 0.183870 -1.430336 -2.206251 1.204856 0.161759 0.954819 1.216261 -0.083989 2.054866 -1.032790 1.370778 1.029876 -1.964089 0.038952 1.065908 -0.536721 -1.673877 -4.073225 0.725916 0.820456 -2.893089 -1.715174 0.911882 1.056641 -0.311384 1.230030 0.954445 -0.023423 0.631244 -1.061560 -2.552999 0.290986 -2.064899 1.946577 1.448467 0.202185 2.225138 -0.113185 2.426236 -0.904723 1.841439 -1.379752 -1.893210 -0.995703 0.806952 -0.073745 -0.688898 2.322058 1.049991 -0.665464 1.646467 -3.119753 -0.493832 2.497536 -1.250750 2.486207 -2.759123 1.252181 2.392476 0.871707 1.105903 1.057688 -0.594978 -0.778494 0.236405 -0.205061 -0.691303 0.338382 -0.543117 -0.999328 0.165202 0.753658 0.960003 -2.091896 -1.267976 -0.726868 1.157825 1.131310 1.087620 2.053195 0.143253 5.420760 0.439688 3.227617 -3.855322 -0.893509 -0.043205 -1.624533 0.466143 -0.775387 2.099437 -1.204993 0.734481 0.707985 0.483604 2.338230 -2.879614 -2.107764 3.118301 2.328022 1.569711 -2.052995 1.035277 1.393769 0.565940 3.252077 -1.704256 -1.144034 -1.588705 -0.409359 -1.406315 0.577651 1.577993 2.424188 -0.762796 -0.104152
-0.316485 2.143731 1.475493 -1.963073 1.105030 -0.400202 0.053978 0.359157 -1.351680 1.855055 1.160374 2.671805 1.078040 -1.127654 2.110042 -0.213848 -0.491092 -1.076365 -1.574324 -0.111112 -3.330546 -1.554347 0.388900 -1.448386 1.115048 -0.189802 0.607215 2.026471 -3.245995 1.920553 2.135451 -0.573654 -1.548684 -2.116689 -2.616192 0.619171 -1.486703 2.614413 2.724910 0.763760 0.715258 -2.277928 0.802894 1.023989 -1.147524 -0.625415 0.815481 0.563754 4.427717 1.200575 -0.535231 -1.700331 -0.200534 -0.181511 1.096266 1.482018 0.945647 0.134183 1.861312 1.010683 -2.757290 2.688491 0.994239 -2.764483 -2.590448 1.308753 0.205579 0.320906 -2.212045 2.443940 -1.208281 2.064407 -0.272255 -1.714873 -2.554397 1.625269 1.927729 0.174416 -2.418468 -0.754194 -0.289954 1.102071 -0.448937 -1.625615 0.124533 0.732876 1.249710 2.802697 -1.510799 -3.397870 -0.640811 -1.146327 0.079967 1.906738 -0.546087 0.038896 1.478369 1.012620 1.303461 2.665708 -0.866307 -3.977264 0.242186 -0.034304 0.075547 0.334470 0.615996 1.363822 -0.442432 0.118594 -0.529733 -0.920700 -1.158358 0.921505 0.768300 3.753754 -0.955102 1.450946 -0.411911 1.092852
-3.952335 -0.851323 1.710963 2.180801 -0.358835 -1.998253 -0.826559 0.996592 0.048384 -0.801958 -0.080675 -2.759853 0.100028 -0.090877 -1.739746 -0.858428 -1.774728 -1.305004 1.096608 -0.224635 1.715251 -1.572991 2.161058 1.687751 -3.387866 -0.172457 1.317908 -0.810287 2.289662 -2.327792 -1.221684 0.579353 1.975687 -0.003238 1.964804 0.940200 0.052122 -1.861283 -0.425783 -1.615925 0.612245 3.369471 0.544606 -1.045806 2.064107 -0.549941 -1.899998 -1.323268 -1.687421 -1.194326 0.046725 0.489354 2.150797 -1.253403 1.030034 -3.549151 -0.234099 1.482925 -2.100173 2.242503 0.998984 -0.399206 2.315625 4.202472 0.584647 0.215118 2.230309 -1.996012 1.714966 -2.994988 -0.554477 -1.455513 1.247324 -0.534370 1.119836 -0.983403 0.896882 -1.857151 0.770178 0.420668 0.730000 0.404300 1.378818 1.297452 1.123802 1.135696 0.245593 -1.796594 -2.409687 2.453633 0.279208 1.018406 -0.922330 0.380997 3.273000 0.166123 -0.529700 1.118091 -0.730241 -0.538771 0.283485 1.139940 3.353143 2.327396 1.625192 -0.275136 -1.176704 -0.262535 -0.046107 2.960497 -2.106629 2.684660 -0.675685 -1.166687 -0.758843 -2.469095 0.250829 -0.040024 -1.034265 -1.191107
0.668353 2.211069 0.381944 0.005225 0.975655 -0.930650 -2.715450 2.115330 -0.063669 2.557054 2.842056 -0.219325 1.503530 -0.516852 3.095117 0.199452 -1.577611 -0.465769 2.094789 -0.534538 0.246795 -4.755614 1.185311 2.537240 -2.245491 -0.336408 -0.161346 2.917494 -1.829590 1.810054 1.291120 -0.214735 1.276223 0.540196 -1.882654 -0.178320 -0.969296 1.293743 2.123926 0.202819 2.834504 -0.420560 2.182396 -1.887371 2.793554 -1.867053 -2.858019 -1.601792 1.994013 -0.964312 -0.507558 4.203598 -1.088333 -2.830293 2.436398 -4.005734 -0.296839 2.292645 -1.246132 2.027336 -1.326721 2.461556 3.932800 0.729613 0.301535 0.453604 -1.877757 -1.397960 -1.392132 0.970192 -1.094436 -0.099002 -1.925486 1.898537 0.399268 2.169507 0.917329 -0.590807 -0.231088 1.098671 1.795690 0.168300 -0.711892 2.787441 -0.094167 3.972909 -1.503988 3.609174 -2.833245 -1.713219 0.101718 -3.253138 1.446713 -1.647629 4.411538 -2.161332 -0.391013 -0.281992 -0.257112 3.214952 -1.559121 -2.312458 1.511250 2.771403 1.846654 -1.919191 1.431606 1.433241 -0.424360 1.736655 -3.216979 -3.110160 -2.108386 -0.882949 -2.633247 1.373605 2.952166 2.538731 -2.953479 1.287246
-1.783832 0.303555 0.986373 0.793700 -1.347143 -1.592301 0.232316 0.931181 0.194105 -1.239790 -0.360811 -1.548908 0.277518 0.314725 -1.286712 -0.392298 -0.764280 -0.845136 -0.659488 0.175820 0.887773 -1.254637 -0.323846 1.518515 -1.427183 0.075026 1.831710 -1.609681 0.641292 -1.712136 0.554314 -0.285089 1.920550 -0.247426 0.312448 0.168060 -0.263810 -0.146951 -0.524070 -0.525686 -0.045888 1.350189 2.020225 -0.225254 1.181215 0.181455 -1.873567 0.080946 -2.558319 -1.065631 -0.094598 0.707108 1.304533 -0.063465 0.641684 -2.333743 -0.471899 1.451585 -0.964852 2.023246 0.038216 0.081788 1.154118 2.480523 0.730873 0.692616 0.637728 -0.707078 1.394235 -1.587492 -1.090774 -0.831962 1.058965 0.268866 0.197065 -1.348718 0.887986 -1.658461 0.374079 -0.137185 1.126885 -0.457774 1.159742 0.822266 0.404777 0.294158 -1.466678 -0.528093 -1.088152 0.731707 -0.377705 0.486038 0.031287 0.144137 2.289215 -0.573397 -0.415546 1.478251 -0.145824 -0.021722 1.168037 -0.487760 2.473647 2.341608 0.551594 0.321206 -1.339253 -0.218687 0.663473 2.212599 -0.386064 2.253160 -0.258675 -0.188467 -0.459292 -0.860045 0.120820 0.184101 -0.330521 -1.576317
-5.182121 -0.259755 4.823980 0.738222 1.857667 -3.956178 -0.086768 4.815957 -0.532262 1.692545 -0.153028 -3.606085 0.547213 1.107417 -2.567979 -3.578117 -0.553540 -1.563448 -0.870207 1.311634 1.963574 -2.746862 0.362971 1.707370 1.026052 2.117885 3.673808 -0.870289 2.403869 -7.511895 0.069825 1.393790 0.682708 -3.897646 -0.113955 2.604685 0.404299 -0.513579 0.073983 -1.829644 0.347633 2.204761 0.953206 -0.705927 -0.592187 -0.064570 1.625154 -1.312264 -0.485823 -2.597774 0.242155 -2.736164 5.614290 1.097608 0.888567 -4.061334 1.552718 2.411255 -1.023788 2.771487 0.649700 1.729177 5.106674 2.307601 -0.393279 3.401112 5.623978 -2.402292 0.335572 -2.943037 -2.286637 -2.434480 0.051525 -3.242155 0.489871 -1.229763 2.452644 -3.076712 1.899785 0.212450 -0.078111 0.184982 -1.675803 0.594733 0.439279 0.483604 1.255005 2.289322 -1.721100 2.330969 -1.391849 1.218128 -2.733298 4.112604 4.899297 -0.239469 -1.703240 3.605377 -0.144789 -0.357258 0.392350 -1.608794 6.298234 4.057332 -1.418997 0.709057 -1.398870 0.127040 2.478098 5.545587 -1.862866 2.183149 -1.924526 -2.185423 0.477543 0.064378 -3.013732 0.069960 1.112583 1.233506
0.557316 1.844054 0.559312 0.327482 0.813813 -3.347944 -2.811977 1.050168 0.195345 1.090724 2.368671 0.466251 2.680678 -2.145305 2.291833 0.471052 -3.561831 -0.626556 0.844271 -0.856576 -1.455485 -4.281775 1.277865 0.919506 -3.299124 -2.479797 0.763358 1.045922 -2.333979 2.000172 2.406792 0.618578 1.491098 -0.204499 -2.928773 -0.359678 -3.337049 2.429729 3.713041 1.023125 1.347463 0.942133 3.212310 -0.753931 2.704828 -2.242048 -3.380186 -0.324063 0.537894 0.965587 0.280717 2.229998 -0.119690 -2.637943 2.919154 -3.417313 0.289925 2.225894 -0.905677 2.035773 -3.386708 1.802216 2.655258 0.137533 0.232658 1.906174 -2.125097 -1.699588 -0.311051 0.344710 0.122203 1.854008 -0.334134 -0.679596 -0.667125 1.266866 0.122936 -2.340740 -3.285125 -1.143975 0.570426 -0.190933 1.803666 2.402054 2.448917 5.181493 -0.171632 2.746738 -4.993173 -1.316185 0.462996 -3.145032 0.215987 -1.811483 1.842446 -0.651219 1.050270 0.773017 1.070073 3.925801 -2.935246 -3.356960 3.252996 2.066248 2.448267 -1.927758 1.211183 0.296538 0.076062 2.776269 -3.438658 -1.429003 -1.793111 0.698015 -1.949890 0.410436 2.423663 1.706657 -3.520793 -0.343320
5.187473 -0.757569 -2.179928 0.394791 -0.000859 4.189489 1.186406 -1.745052 0.246332 0.775088 -0.303901 2.553893 0.680764 0.975360 2.016009 1.642610 0.589234 1.772936 0.562782 -0.787687 0.128218 2.392282 -0.776903 -0.339669 1.469028 -0.053854 -2.515546 0.796952 0.296388 4.160294 -0.440963 -0.524828 -1.480433 1.864343 0.069995 0.394001 0.371462 0.079619 -0.240132 0.493973 0.431758 -2.668650 -0.603098 -0.153188 0.638609 -1.636464 0.928917 1.727911 2.681834 1.650202 -0.653477 1.443858 -3.084551 -1.375769 -0.553659 2.029868 -1.208514 -0.711133 1.898301 -2.408767 -1.419189 1.032648 -1.584652 -1.584574 1.709889 -1.368378 -2.588783 0.258567 0.105996 1.109402 1.430865 1.860732 -1.070278 0.735256 -1.020215 1.526011 0.111612 2.801442 -0.120073 0.625503 0.388616 2.085308 0.338458 -1.701339 -0.626670 -1.187528 -0.253079 1.739865 2.079656 -1.873689 0.145572 -0.979538 -0.230284 -0.475804 -3.639057 -2.031233 -0.793771 -3.624543 -1.562410 0.538785 1.281520 1.701901 -4.227522 -2.034195 -0.947191 -0.110032 1.963499 1.231075 -0.610745 -2.752962 1.762282 -3.044382 1.008308 -0.285940 -0.125733 0.383464 1.412646 1.107027 0.932304 0.955762
0.166630 -0.399321 2.164350 -1.535962 0.714641 -0.587638 2.662792 0.902030 -0.846403 1.018920 -1.185143 0.092365 -0.009054 0.742275 -1.732480 -1.307316 0.179864 0.065802 -2.519768 1.805343 -0.994046 0.539292 -0.049101 -2.020841 2.526133 0.658936 0.410118 -0.360985 0.742943 -1.136499 0.514447 0.796659 -1.641498 -0.867558 0.587307 1.628078 -0.006972 -0.404225 -0.645320 -0.991962 -0.799098 -0.177149 -0.352603 0.479908 -0.572288 0.538180 3.130362 1.676564 0.961870 -0.317955 0.694456 -3.312743 1.058025 1.870094 -0.011050 1.788709 -0.229039 -0.728741 0.955174 -0.200564 -0.062772 0.601616 0.756249 -0.858107 -1.353601 0.664612 2.592117 0.424360 0.680057 0.202890 0.418432 0.456108 0.824519 -1.897414 -1.047164 0.025394 1.354820 0.408774 0.074530 -0.109880 -2.183737 0.269649 -0.281904 -1.622590 0.137100 -1.857284 1.514098 0.666236 1.438231 -0.029991 -0.321201 1.304012 -0.988737 2.598771 -2.497195 0.225987 -0.205325 1.199272 -0.444211 -0.076606 0.747972 -1.213075 0.161440 -0.628922 -1.851385 0.367398 -0.009429 -0.122805 0.281903 0.694383 1.792845 0.116592 0.546689 0.517636 1.628862 1.077048 -1.982461 0.041863 2.340244 1.497050
-0.347301 1.171287 -0.961139 -0.176945 -0.310471 -1.564093 -1.063766 -1.112439 0.083743 -1.742743 -1.271163 0.864261 0.671981 -3.236129 -0.215466 0.943160 -0.405506 -0.405087 -1.719789 -0.390366 -1.942587 -1.184553 0.011507 -1.325424 -1.766959 -1.896262 0.234724 -0.633580 -1.742293 2.194454 0.756650 0.018189 0.476028 -0.541508 -1.409087 -1.782023 -1.227550 1.732259 0.678092 -0.081048 -0.217669 0.763153 1.427017 0.536460 0.162805 -0.453576 -0.180023 -0.421139 -1.109598 1.821853 -0.401760 -1.218127 1.180452 0.885580 -0.255599 1.627968 1.174239 0.082437 -0.285368 0.737183 -0.652498 -1.092940 -0.445213 -0.501859 -1.635769 0.248329 -1.258528 -0.122617 -0.521017 0.718407 1.064099 2.379208 2.362074 -1.301928 -0.464130 -0.950506 -1.191098 -1.002223 -3.915419 -1.551280 0.478346 -0.858871 1.672340 -0.736060 0.572533 0.271960 0.711321 -1.917445 -0.945766 -0.445649 0.066286 -0.029057 -0.185806 -0.935970 -0.804646 0.645843 1.159297 0.928911 3.655364 0.635190 -2.840899 -0.453680 1.432017 -1.399799 0.895806 1.177078 -0.684859 -1.051116 0.487741 -0.643439 -0.121637 2.088565 0.234069 2.108675 0.157899 -2.090200 -0.887101 0.650421 -0.560285 -1.787528
2.966038 -3.196101 -0.830340 1.497402 0.474302 1.992219 6.019524 -1.025869 0.311274 -0.643926 -4.381751 1.023523 -1.347359 2.862770 -2.366107 0.166554 1.764468 0.409171 -1.601389 0.251174 0.079715 4.279669 -0.790987 -2.692971 4.786830 1.004057 -0.594477 -1.966350 3.462029 0.178012 -1.434990 1.997942 -0.980524 0.858334 2.572949 0.123922 2.403380 -3.188213 -2.440386 -1.804836 -2.473946 -1.037042 -1.052031 -0.563165 -0.987738 0.471006 2.935685 2.569946 0.465459 0.598087 1.424940 -4.078157 -0.198340 0.331299 -2.739350 4.534389 -0.103199 -0.492078 0.617341 -2.308453 0.879080 -2.026856 -1.179388 -0.751810 1.842917 -2.160310 1.966087 -0.165168 2.220972 -1.297064 0.715336 1.118473 0.206710 -0.400190 -2.105959 -1.037586 -0.493110 2.271556 0.843280 0.006284 -0.948760 3.459001 1.015564 -3.318397 -0.559664 -4.200431 0.719614 -0.418433 4.681283 0.005140 -1.557640 2.320429 -0.978529 3.276845 -5.966703 -0.426728 -1.097346 -1.688655 -2.708888 -2.611232 3.635922 2.025760 -3.705389 -3.637079 -3.107197 2.357799 0.108566 1.490521 0.878867 -0.843258 3.835827 1.442346 2.481588 -0.420334 2.990597 -2.011700 -1.463492 -1.128290 2.966348 0.408023
-2.845044 1.840657 -2.392360 -0.540892 -1.361789 -1.723043 -5.650634 -0.509563 0.116863 -0.210199 2.602903 -2.208134 -0.647157 -2.718567 0.610767 -0.319574 0.211291 -0.323181 2.064024 -1.162622 1.492281 -1.228819 0.760883 1.898278 -3.716050 -0.821095 -0.263785 0.809805 -2.387547 0.736166 1.197101 -3.094375 1.156124 0.135647 0.704001 -2.135415 -1.113536 0.268779 1.272236 0.391735 0.116290 2.059945 -0.311407 0.038047 1.082335 -0.573639 -3.524109 -2.307920 -2.731518 0.047497 -0.348226 4.007072 -1.268098 0.487062 1.782986 -3.893212 0.961437 -0.387164 -1.056141 0.896038 0.959635 0.035656 -0.316211 2.398011 -0.797123 -0.019623 -1.091752 -0.346341 -0.999818 0.006234 0.626846 -0.575027 -0.976519 1.101063 0.953589 0.073479 -0.239598 -0.271960 -0.118048 1.403621 1.628654 -3.475179 -0.901413 2.763631 -0.249614 2.710414 -1.441247 -1.703819 -2.699975 2.060346 1.332815 -0.381721 0.656877 -3.370045 4.282781 0.286025 0.821635 2.188680 2.017221 1.487251 -2.638400 1.087481 1.664619 1.383684 3.614300 -0.948726 -1.618837 -0.808654 -0.730151 0.242091 -4.375922 0.738331 -0.429439 -0.003259 -2.358682 -0.904025 2.765842 0.510053 -2.695302 -1.479769
-0.035030 1.578815 1.789890 0.567371 -0.118096 -2.676562 0.790126 1.247090 -0.661887 -1.108183 -1.304649 0.848067 0.175707 -1.890983 -1.596533 -0.544835 -2.038686 0.206140 -2.924921 0.709969 -1.999148 -1.973479 0.739736 -1.988818 0.331400 -1.140561 2.759954 -1.214294 -1.173126 -1.892981 1.398582 2.567655 0.506647 -2.447060 -1.591376 1.271160 -2.554943 1.318332 1.521438 -0.622407 -1.342610 0.601177 2.414587 1.079418 0.744516 0.342318 -0.219598 0.860985 0.532957 0.515497 0.377672 -3.301850 2.714327 -0.169358 0.516560 0.438287 0.134644 1.462455 -0.400439 1.874246 -0.199683 -1.301979 0.330827 0.249605 -0.538044 0.609074 1.737955 -0.556096 -0.010034 0.210442 0.417492 1.600914 3.004882 -2.365604 -1.549149 -1.133769 -0.875544 -1.056113 -2.842274 -1.714459 -1.621016 1.221302 1.553796 -1.096536 1.257817 1.174147 -0.090891 0.526703 -2.388588 0.574872 -0.303761 -0.498255 -1.351320 1.362733 -1.266994 0.903235 1.577181 1.465049 2.033745 0.340630 -0.785828 -2.649671 2.938029 0.468138 -0.334919 1.200478 -0.500621 1.669499 0.090562 2.865396 0.799418 1.794929 0.134437 0.595861 1.654799 -1.378213 -2.352088 1.215852 0.333724 -1.141966
-2.688166 0.209691 -0.161800 1.776344 -0.553024 -1.567636 -2.115859 0.454642 0.798941 0.406110 2.559554 -2.790641 0.217860 0.884611 0.307424 0.146892 -0.618682 -1.445861 3.588486 -1.080342 2.713376 -1.427649 0.686391 4.014343 -3.314861 0.581133 -0.249192 0.389697 1.361706 -0.997742 -0.563601 -0.643290 1.454841 0.578206 1.263537 0.849726 0.109699 -0.373052 -0.536590 -0.670030 1.484229 1.678860 0.942780 -1.655906 1.556903 -1.034680 -4.145378 -2.686278 -1.635813 -1.395305 -0.180932 3.910227 0.953852 -1.693519 1.534153 -5.108953 -0.265488 1.933681 -1.851219 0.445151 0.381658 0.659320 2.348849 3.533766 1.756409 -0.359365 0.114798 -1.291273 0.350886 -2.278517 -1.286135 -1.704180 -1.902974 1.700348 2.605402 -0.198954 0.862189 -1.973616 2.043629 1.082359 1.321747 -0.416442 0.381362 2.757593 -0.148082 3.199943 -1.873371 -0.965543 -2.306567 1.828662 0.176900 0.674940 1.383824 -2.582550 5.369309 -1.178578 -0.836129 -0.825097 -0.752058 0.496779 -0.313615 0.955588 1.450413 3.134184 2.085315 -1.587315 -0.751370 -0.397990 -0.051869 2.800800 -2.522817 0.807252 -1.522647 -1.836230 -2.680991 -1.380200 2.887713 -0.131096 -2.296355 -1.073955
-2.457899 0.376824 0.573647 -0.563810 -0.334138 -2.304868 0.041404 0.549689 -0.159166 -1.967180 -2.645438 -0.212092 -0.877838 -1.713051 -1.405733 0.450543 -0.556832 -0.187549 -0.766579 0.718188 -1.143235 -0.254962 -0.321757 -0.840605 -1.688620 -0.554719 1.742385 0.004397 -1.663179 -1.550858 1.201063 0.775726 0.289371 -2.057719 -0.872184 0.377881 -1.276216 0.588853 1.073878 -0.794710 -0.351446 1.458699 2.077528 -0.042884 0.222237 0.140313 -0.074419 0.296377 -2.327679 0.212779 0.154047 -1.841030 1.908413 2.035664 0.100094 0.164452 0.972511 0.112582 -0.822663 1.828924 0.367743 -0.433320 -0.267643 0.216869 -1.492829 0.353998 0.124036 -0.288867 0.628160 -0.481646 -0.325194 0.046105 1.350100 -1.836590 0.714913 -0.313972 0.108539 -0.208621 -2.183153 -1.343530 -0.830263 -0.139084 0.287263 -0.904879 0.268390 -0.195530 0.771559 -0.867447 -1.527650 1.368685 -0.327185 -0.224495 -0.331858 0.371624 0.148903 1.519406 0.283372 1.978714 1.928383 1.118812 -0.856830 -0.917172 2.139051 -0.248347 0.625319 0.914421 -0.955158 -0.278336 0.410301 0.580713 -0.648468 1.232289 -0.055436 1.432943 0.923083 -0.258653 -0.502426 -0.742964 -0.454538 -0.053049
3.554022 1.530583 0.095799 0.484002 2.095190 1.475191 -3.596648 0.698965 0.595516 4.138801 6.090108 1.790416 2.261103 1.164945 6.922160 -0.407441 -1.649324 -0.280353 4.150353 -1.185434 1.065828 -3.256064 0.078152 3.270836 -0.815792 0.298754 -1.916063 5.306812 -1.782720 5.011628 1.680955 -1.981231 0.516221 2.175003 -2.752574 0.423977 0.114457 3.079711 0.484873 2.128384 3.897959 -3.197507 -0.858960 -0.881849 0.972419 -2.988870 -2.762305 -0.833314 5.007058 -0.282198 -2.243653 5.746261 -2.831474 -4.110001 3.227926 -4.013963 -1.198718 1.350723 0.563391 -0.876152 -4.078492 5.447585 3.892225 -0.553849 1.281222 -0.803351 -5.012811 -0.156584 -3.220940 2.925319 -1.040100 -0.444132 -4.692320 2.670642 0.419303 4.319901 2.466736 -0.753202 1.822932 1.104380 1.621625 0.152725 -1.872323 3.534870 1.196331 4.456589 -1.796764 6.085994 -2.294257 -4.317080 -0.168345 -3.059753 2.355022 -3.015034 3.908358 -4.123545 -0.534626 -3.434509 -1.811583 2.914083 -1.378595 -2.365042 -0.338366 2.463624 0.336581 -4.382127 3.089266 0.141977 -1.192987 0.084085 -1.180201 -6.267292 -3.024951 -1.624759 -3.487218 4.781121 3.513135 1.522642 -2.883288 3.084780
-3.936636 1.783443 5.073365 -0.813031 2.198595 -5.520409 -1.143151 3.918529 -2.182260 2.426076 1.697604 -1.595855 0.935016 -1.288102 0.304133 -3.315509 -3.932327 -0.860088 -1.486421 2.335228 -0.093942 -4.736843 2.137023 0.748433 -1.327904 1.342171 4.245119 -0.153091 -2.502159 -4.404484 2.813232 1.799333 1.807890 -4.738299 -4.395073 1.274305 -2.608830 2.188005 2.554866 0.809636 1.338984 1.219829 2.223576 -0.510481 -0.506804 -0.124859 -0.939657 -1.475302 0.605952 -1.101389 -0.848410 -1.223007 4.846892 1.194810 2.590787 -4.007667 1.646416 1.772019 -0.473406 3.952340 -1.336168 2.303241 5.911151 1.734806 -3.191090 4.518532 3.447118 -1.369698 -0.025752 -0.983912 -2.657365 -1.522486 0.787273 -3.303345 0.085239 -0.596941 2.132954 -4.159625 -0.942414 -1.890789 1.111431 -0.635189 -0.736459 2.210438 1.708934 2.696963 0.520241 3.037953 -3.924239 1.232598 -1.074685 -2.598919 -3.044624 2.007806 4.567847 0.862890 -0.182233 4.103393 1.267796 1.922135 -1.225733 -4.851223 5.719397 4.380842 0.215865 -0.391027 -0.682189 0.384263 1.481515 6.371170 -2.757319 1.959305 -3.289694 -0.487531 -0.017896 2.678063 -1.940101 1.036947 -1.309694 0.000169
2.688630 -3.270345 0.319292 1.265082 0.095666 0.042252 7.411471 -1.813430 0.198106 -3.738042 -5.740102 -1.059950 0.328948 0.467337 -7.256220 0.569666 -0.903922 -0.713222 -2.381946 0.241511 -1.475604 1.741717 -0.568120 -2.229853 2.127296 -0.942174 1.015134 -4.531708 3.199774 -1.444910 -1.679975 5.506495 -0.306496 -1.196485 2.204742 1.598991 0.294181 -3.114766 -0.218061 -1.958610 -4.083885 2.147645 2.318045 -0.045628 1.053908 -0.262681 2.491398 2.213239 -2.321374 0.420264 2.212923 -5.011069 3.586336 0.143937 -2.518651 3.710456 -0.148136 2.333822 -0.085251 1.140237 -0.208310 -3.299962 0.370378 2.026187 1.809199 0.254936 2.168172 -3.595153 4.741896 -1.584615 0.211776 2.507501 4.159257 -2.896779 -2.009979 -2.516976 -1.504092 0.699448 -1.851130 -1.119199 -1.316097 3.730609 4.376794 -3.273724 0.004718 -0.293714 2.087091 -2.495806 1.166606 1.036963 -0.726597 1.878849 -1.068197 4.828193 -6.295581 -0.281775 1.490873 -2.140337 -1.003892 -1.776851 3.560772 1.206361 0.263137 -2.027378 -0.545801 3.802422 -0.928985 1.606766 0.779744 1.542600 3.160728 3.367112 2.833928 -0.869861 3.140055 -5.890213 -2.473584 -0.312225 2.202205 -1.981578
-2.602356 3.326024 1.763543 -3.053929 0.720257 -3.028437 -6.812955 2.099151 -0.863521 2.160560 3.714481 1.046614 -0.508081 -2.432199 4.473430 -2.527741 -0.286366 -0.610294 -0.091732 0.586911 -0.504405 -1.742852 0.722482 -0.616208 -1.281433 1.333950 0.937504 2.799074 -5.200831 -0.997041 2.591873 -4.374168 0.814262 -2.155646 -3.652195 -0.463491 -2.334456 3.668005 1.987255 2.744558 1.955969 -1.343236 -0.461568 0.874514 -3.120226 2.040858 -0.605538 -1.857115 0.614242 -0.633825 -1.036962 0.692512 -0.294029 2.524703 2.094869 -2.713597 0.341419 -1.015383 1.625847 1.424780 0.631162 2.178968 1.543190 -2.604552 -4.244621 2.550325 -0.078236 3.211088 -4.152469 2.752411 -0.710124 -2.028305 -1.602291 -0.088741 0.218926 1.893961 2.096059 -2.052415 0.802292 0.759029 0.525157 -3.493317 -3.135766 1.705071 0.649225 -0.937547 0.407261 1.607759 -1.691709 0.037102 -0.463679 -2.033357 0.730264 -2.277105 4.703293 1.526011 -0.579247 4.721260 3.282477 1.370905 -4.070491 -4.639314 0.963585 1.843729 1.146229 -1.646514 -0.228610 -1.079191 0.022989 -0.602818 -2.487713 -2.364143 -3.156071 0.962958 -1.320353 7.640982 0.003076 -0.927758 -1.903047 1.844702
3.024346 -2.165800 4.246123 2.657325 2.789964 0.125766 3.835863 3.311742 -0.811780 3.683302 -0.889449 -1.837936 4.282375 2.594899 -1.175945 -1.205424 -2.883742 -0.145775 0.374777 -0.053962 1.251889 -3.845370 0.796843 3.229823 0.228510 0.204388 0.796081 -1.186693 4.270150 -0.359092 -1.361230 5.740062 2.605254 -0.686551 -1.059097 2.585917 0.172590 0.931222 -0.121474 -2.487386 1.797781 0.345792 3.910488 -2.391620 3.779281 -3.583924 -1.206655 0.036435 3.326560 -1.426988 -0.453678 -0.061711 2.880569 -3.871006 2.511902 -3.376915 -0.297688 5.534531 -0.584169 3.173724 -2.837799 2.188031 6.853740 1.996115 3.130353 1.173723 1.986274 -5.440005 3.363611 -2.997699 -2.954354 1.207409 -0.841087 -1.318123 -0.952705 0.352680 1.684019 -2.423900 0.778398 -0.938588 0.589242 5.195411 1.783008 0.747821 1.099694 5.142999 0.294522 5.995932 -3.063659 -1.801475 -0.691845 -2.282470 -0.188808 4.469060 0.056902 -4.563872 -1.676187 -1.448609 -4.269971 2.908120 1.874576 -2.563230 4.357603 2.931570 -0.575660 -1.286355 1.685882 3.938203 2.348545 7.329877 0.327048 -1.241692 -1.640885 -3.405282 0.213211 -2.599766 -0.021073 2.412441 0.656010 0.811764
6.900413 0.815988 -0.786655 -1.425050 2.183084 4.832807 0.243476 -0.255543 -0.503967 3.028312 1.505871 5.634111 1.172897 0.970940 5.731529 1.202678 -0.102163 0.825419 0.116583 -0.253393 -1.968514 0.704467 -0.454261 -2.111271 3.150040 1.182740 -2.855695 1.992050 -3.668455 5.640050 1.182605 -1.336060 -2.108102 0.117404 -3.100208 0.325592 -1.239526 4.550061 0.054293 3.764290 1.316292 -6.207414 -2.024928 0.418146 -1.457164 -0.542891 1.995386 1.708969 6.767822 1.737108 -0.386302 0.365145 -3.736723 -1.363674 -0.754134 2.682856 -0.657825 -2.339783 3.426621 -1.533725 -4.431832 3.125699 -1.133281 -7.383790 -0.163170 -0.767934 -3.126832 3.131454 -4.194290 4.723269 -0.197142 1.603128 -2.930443 0.471471 -2.193099 3.083192 0.730132 2.280978 -0.634488 0.011754 -0.238059 1.586514 -2.170682 -0.653760 0.897765 -1.791482 1.428114 5.386485 1.308432 -4.925852 -1.546237 -2.963998 0.546126 -0.710850 -4.782699 -1.891379 0.088122 -3.117586 0.138619 2.373007 -1.167544 -1.334987 -5.031685 -3.907255 -2.078553 -1.901310 4.467382 0.806692 -1.095733 -3.771055 1.661120 -7.048085 -1.126980 2.240824 -0.348876 5.741048 1.556942 1.793120 0.440107 3.566300
