0.496714 0.767507 0.647103 0.385267 0.147273 -0.234137 1.579213 0.767435 -0.469474 0.542560
-0.463418 -0.047002 -1.193269 -0.453214 -0.026780 -0.562288 -1.012831 0.314247 -0.908024 -1.412304
1.465649 1.043843 1.652467 1.062643 0.973466 0.110923 -1.150994 0.375698 -0.600639 -0.291694
-0.601707 -0.615276 -0.463072 -0.258205 -0.647918 -1.220844 0.208864 -1.959670 -1.328186 0.196861
0.738467 0.726394 0.849381 0.531585 0.677880 -0.719844 -0.460639 1.057122 0.343618 -1.763040
0.324084 0.344904 -0.085113 0.239036 -0.042682 0.931280 -0.839218 -0.309212 0.331263 0.975545
-0.479174 -0.066864 -0.151590 -0.546019 -0.326968 1.356240 -0.072010 1.003533 0.361636 -0.645120
0.361396 0.443528 -0.063048 0.054107 0.250241 0.821903 0.087047 -0.299007 0.091761 -1.987569
-0.219672 0.161095 -0.340901 -0.574552 0.171998 -0.501757 0.915402 0.328751 -0.529760 0.513267
0.097078 -0.092616 0.642164 0.592827 0.210364 -1.463515 0.296120 0.261055 0.005113 -0.234587
-1.415371 -0.595541 -1.047964 -1.363918 -0.998268 0.404051 1.886186 0.174578 0.257550 -0.074446
-1.918771 -1.283860 -1.277910 -1.551011 -1.097810 0.301547 -0.034712 -1.168678 1.142823 0.751933
0.791032 1.176301 0.814743 0.338200 0.970785 2.190456 -0.990536 -0.566298 0.099651 -0.503476
-1.550663 -1.292221 -0.936760 -0.816987 -0.918121 1.549934 -0.783253 -0.322062 0.813517 -1.230864
0.227460 0.680011 0.204348 0.070737 0.162328 0.781823 -1.236951 -1.320457 0.521942 0.296985
0.250493 0.234718 0.284833 0.549668 -0.218206 -0.714351 1.865775 0.473833 -1.191303 0.656554
-0.974682 -0.877703 0.038748 -0.884324 -1.001811 0.412781 0.822060 1.896793 -0.245388 -0.753736
-0.889514 -0.767826 -0.639946 -0.538962 -0.714228 0.827183 0.013002 1.453534 -0.264657 2.720169
0.625667 0.341863 0.498297 0.187363 0.255113 0.714000 0.473238 -0.072829 -0.846794 -1.514847
-0.446515 -0.185311 0.002636 0.330984 -0.368652 0.385317 -0.883857 0.153725 0.058209 -1.142970
0.357787 0.407302 0.582109 -0.105828 0.267446 -0.937825 0.515035 0.513786 0.515048 3.852731
0.570891 0.227513 0.755732 0.492570 0.558531 0.758969 -0.772825 -0.236819 -0.485364 0.081874
2.314659 1.612955 1.811880 1.810394 1.599111 1.088951 0.064280 -1.077745 -0.715304 0.679598
-0.730367 0.131424 -0.854158 -0.387117 -0.365306 0.633919 -2.025143 0.186454 -0.661786 0.852433
-0.792521 -0.036502 -0.064735 -0.610351 -0.535422 -0.334501 -0.474945 -0.653329 1.765454 0.404982
-1.260884 -0.751722 -1.226522 -0.921565 -1.475259 -0.484234 1.266911 -0.707669 0.443819 0.774634
-0.926930 -0.637450 -0.558061 -0.635708 -0.930652 -1.247783 1.632411 -1.430141 -0.440044 0.130741
1.441273 1.044901 0.782609 0.964791 0.965665 0.462103 0.199060 -0.600217 0.069802 -0.385314
0.113517 0.263518 0.060221 0.368626 -0.283446 -1.952088 -0.151785 0.588317 0.280992 -0.622700
-0.208122 -0.452523 -0.047057 0.517471 0.034293 -0.692910 0.899600 0.307300 0.812862 0.629629
-0.828995 -0.657509 -0.483889 -0.747544 -0.121071 0.117327 1.277665 -0.591571 0.547097 -0.202193
-0.217681 -0.652952 -0.025801 -0.563318 0.213252 0.021004 0.681953 -0.310267 0.324166 -0.130143
0.096996 0.187664 0.552011 0.041413 0.003864 -1.214189 1.158111 0.791663 0.624120 0.628346
-0.012247 0.185586 0.127488 0.765340 0.438645 -0.147057 -0.825497 -0.321386 0.412931 -0.563725
-0.822220 -0.720510 -0.648801 -0.816657 -0.530954 0.232050 -1.448084 -1.407464 -0.718444 -0.213447
0.310908 0.689831 0.506861 0.709370 0.116510 -1.002529 -0.018513 -0.288659 0.322719 -0.827231
0.519347 -0.004187 0.720384 0.866853 0.179522 -0.401220 0.224092 0.012592 0.097676 -0.773010
0.024510 -0.422155 -0.351125 -0.148919 -0.073584 -0.767348 0.872321 0.183342 2.189803 -0.808298
-0.839722 -0.520470 -0.408585 -0.417110 -0.704258 0.150394 0.341756 1.876171 0.950424 -0.576904
-0.898415 -0.314761 -0.418538 -0.140371 -0.577765 -0.469176 -1.713135 1.353872 -0.114540 1.237816
-1.594428 -0.610921 -1.205368 -1.229838 -1.067927 0.622850 -1.067620 -0.142379 0.120296 0.514439
0.711615 0.360465 0.910842 0.437056 0.499044 -0.748487 1.551152 0.115675 1.179297 0.067518
2.060748 1.766128 1.397507 1.268019 1.573605 1.368632 -0.964923 0.686051 1.058424 -1.758739
-1.183259 -0.839833 -0.790608 -1.132708 -0.471087 0.074095 1.628616 -1.380101 -1.703382 -0.055548
0.384065 0.217058 0.216924 0.074063 0.553712 0.669673 0.366598 -0.939880 -0.513867 -1.059214
-0.062679 0.221223 -0.039202 -0.411057 -0.489345 -0.792873 -0.107030 -1.035242 -0.553649 -1.197878
1.964725 1.571004 1.046425 1.385533 0.609131 -0.220970 0.614167 0.757508 -0.530501 -0.575818
-0.275052 -0.665454 -0.624551 -0.423528 0.087760 -0.249036 0.576557 0.311250 3.078881 1.119575
-0.127918 0.353420 0.388809 -0.019407 -0.499606 -1.422254 -0.646573 -1.081548 1.687142 0.881640
-0.007973 0.408447 -0.259669 -0.472350 -0.073010 0.538910 -1.037246 -0.190339 -0.875618 -1.382800
0.926178 0.460655 0.350907 0.747588 0.297290 -0.487125 -0.592394 -0.863991 0.048522 -0.830950
0.270457 0.308061 -0.456697 0.439378 -0.351274 0.755391 0.500917 -0.977555 0.099332 0.751387
-1.669405 -1.020375 -1.360272 -1.766704 -1.006145 -1.804882 -1.627542 0.048085 0.259723 -0.904317
0.638592 0.525217 0.050088 0.559232 0.674761 0.047399 -0.860413 -0.384556 1.006293 -0.576892
0.835692 0.419893 1.077589 0.953285 0.412031 -0.796895 0.577072 -0.203045 0.371146 -0.603985
0.086590 -0.140874 0.363558 -0.302279 -0.716700 -0.411877 -0.487606 -0.432558 0.394452 -0.420984
0.289775 0.195176 -0.003603 0.704614 0.038969 -0.408075 -2.038125 -1.008086 -1.870792 -0.351513
0.018418 0.364712 0.688624 0.138599 0.130434 -2.211135 0.235615 0.770865 -1.478586 1.143754
0.338496 0.400028 0.531477 0.025444 -0.206726 0.248221 -0.459361 -0.849844 0.830336 -0.856084
0.071566 -0.061088 -0.047353 0.033366 0.105104 -0.510016 -0.269875 -0.978764 -0.444293 0.377300
0.756989 0.761402 -0.219930 0.697390 0.525299 1.876796 -0.773789 -1.244655 -1.778720 1.496044
0.654366 -0.396507 1.145339 0.480858 0.631843 0.129221 0.109395 0.725767 0.481009 0.223884
-0.790474 -0.208702 -0.970204 -0.391705 -0.517458 -0.511216 -0.989605 -0.125787 0.055725 1.094192
-1.692465 -1.706639 -1.678345 -1.460927 -1.476646 -1.654857 0.823171 0.073318 -1.289961 -1.295079
-0.335785 -0.343782 0.071722 -0.184241 0.123922 -0.272724 -2.696887 -0.054295 -0.230935 0.696206
1.848956 0.958368 2.026195 0.870155 1.246710 0.059218 0.013929 -0.024125 0.198085 -0.144360
-0.573662 -0.789968 0.013718 -0.434931 -0.409755 0.106430 -0.254977 1.503993 -2.650970 1.091507
1.246085 1.220508 1.041432 0.601087 0.592279 -0.777817 -1.110576 1.752270 0.935678 1.271555
0.721672 0.364860 0.683597 0.284511 0.372186 0.712998 -0.240325 -0.374821 0.710960 0.444263
-0.360966 -0.148725 0.003348 0.118152 -0.518117 -0.309546 0.326133 -1.251114 0.924027 -0.184902
-0.522723 -0.379982 -0.138228 -0.038513 -0.417790 0.606010 -1.280429 1.754794 -2.081929 1.696456
0.211017 0.290824 0.232070 0.330454 0.661225 1.103302 0.114228 0.150302 -0.363612 -0.056946
0.307802 0.238508 0.246722 -0.112233 -0.196109 -0.183983 0.018434 0.347582 -0.539760 -0.778305
0.195845 -0.247806 0.118314 0.042169 -0.346977 0.472597 0.256030 0.982691 1.665474 1.014370
-1.840874 -0.989732 -1.514801 -0.924683 -0.847261 -0.725744 0.186767 -0.755383 -0.611518 -1.406661
-0.923233 -0.794390 -0.730466 -0.603748 -0.709060 2.632382 0.493318 0.184836 -0.858358 0.700310
-0.575638 -0.869921 -0.910834 0.292852 -0.603668 -0.703176 -0.034988 1.770801 -0.626967 1.812449
0.707752 0.366992 0.465924 0.613422 0.807398 -1.570225 -0.727137 -0.247519 -0.074433 0.620672
0.177701 0.574619 -0.172187 0.182005 -0.057294 1.080781 0.833922 0.459180 -0.070166 -1.660961
0.429618 0.555799 -0.030344 0.207998 0.848536 1.053153 -0.039555 0.681501 0.028318 0.029756
0.938284 0.552203 0.710767 0.696861 0.860176 -0.309172 0.222134 -0.478749 1.255756 -0.894607
-0.186872 -0.235587 0.286791 -0.176551 -0.277184 -1.485560 0.267050 0.889631 0.082284 1.065480
-0.517288 -0.458592 -0.086607 -0.149669 0.285091 1.453384 1.579572 -0.522860 -0.420187 -0.281785
-1.344451 -0.318091 -1.412266 -0.654105 -1.122830 0.234215 1.550500 -0.998354 0.984322 -0.213989
-0.049464 0.079956 -0.331513 -0.270421 0.188004 0.492451 0.289169 2.455300 -0.637740 -0.530997
-0.623141 -0.307186 -0.153967 -0.835568 -0.346411 -0.570746 -0.832356 0.471416 -0.552223 0.632932
0.202923 0.451131 -0.152700 -0.408815 0.532569 -0.387702 0.285865 0.334457 0.658544 2.010205
-0.176947 -0.052226 -0.191253 0.028534 0.344590 1.794558 -0.517611 0.223788 -0.016423 1.188393
2.526932 1.691140 1.933868 1.437843 1.778454 1.846707 0.583928 -0.359292 0.590655 1.108704
0.820482 0.515433 0.283834 -0.071530 0.348312 0.648710 -0.167118 0.146714 1.206509 -0.816936
0.368673 0.236591 0.289684 0.374645 0.396063 0.046437 -1.359856 0.746254 0.645484 2.163255
-0.307778 -0.226611 -0.615652 0.532455 -0.418759 0.279022 0.607897 0.186609 -0.446434 0.194090
1.073632 0.969831 0.571132 0.749721 1.355558 -1.523187 -0.558922 0.377212 1.565524 -0.065750
-0.555200 -0.373056 -0.292705 -0.137092 -0.347679 -0.502054 -1.021233 0.708356 0.243801 -0.564079
-1.280304 -0.676421 -1.374111 -0.871664 -1.005810 -1.070085 -1.525525 -0.691908 -0.045586 0.243339
-0.241236 -0.193080 -0.036723 -0.198532 -0.113461 1.117296 0.342725 0.456753 0.569767 0.447709
0.642723 0.473496 0.444015 0.725629 0.045768 1.440117 -0.676392 1.800940 -0.040158 -1.430775
0.128104 -0.509787 0.255420 0.002591 -0.201811 -1.889541 -0.452306 -2.423879 -1.583903 0.760415
0.785800 0.824958 0.617234 0.630278 0.910184 -1.158365 1.503398 0.877362 -0.220964 0.026886
0.208383 0.249815 0.555110 0.242377 -0.051200 -0.281100 1.797687 0.640843 -0.571179 0.572583
