0.496714 -0.224642 0.403253 0.495129 0.100519 -0.234137 1.579213 0.767435 -0.469474 0.542560 -0.463418 -0.465730 0.241962 -1.913280 -1.724918
-0.562288 -0.651717 -0.265968 -0.222673 -0.609334 1.465649 -0.225776 0.067528 -1.424748 -0.544383 0.110923 -1.150994 0.375698 -0.600639 -0.291694
-0.601707 -0.545276 -0.354508 -0.362550 0.193749 -1.220844 0.208864 -1.959670 -1.328186 0.196861 0.738467 0.171368 -0.115648 -0.301104 -1.478522
-0.719844 0.062415 -0.120231 -0.533545 -0.503686 0.324084 -0.385082 -0.676922 0.611676 1.031000 0.931280 -0.839218 -0.309212 0.331263 0.975545
-0.479174 -0.168456 -0.621117 -0.204629 -0.100783 1.356240 -0.072010 1.003533 0.361636 -0.645120 0.361396 1.538037 -0.035826 1.564644 -2.619745
0.821903 0.174687 0.372233 -0.184342 0.338062 -0.219672 0.357113 1.477894 -0.518270 -0.808494 -0.501757 0.915402 0.328751 -0.529760 0.513267
0.097078 0.213765 -0.163844 0.272575 -0.166002 -1.463515 0.296120 0.261055 0.005113 -0.234587 -1.415371 -0.420645 -0.342715 -0.802277 -0.161286
0.404051 -0.181356 0.531893 0.320689 0.607431 -1.918771 -0.026514 0.060230 2.463242 -0.192361 0.301547 -0.034712 -1.168678 1.142823 0.751933
0.791032 0.878530 0.823842 0.486980 0.148849 2.190456 -0.990536 -0.566298 0.099651 -0.503476 -1.550663 0.068563 -1.062304 0.473592 -0.919424
1.549934 0.943617 1.220322 1.699013 0.960390 0.227460 1.307143 -1.607483 0.184634 0.259883 0.781823 -1.236951 -1.320457 0.521942 0.296985
0.250493 0.147254 0.530393 -0.027135 0.185553 -0.714351 1.865775 0.473833 -1.191303 0.656554 -0.974682 0.787085 1.158596 -0.820682 0.963376
0.412781 0.686686 -0.064466 0.168024 0.322358 -0.889514 -0.815810 -0.077102 0.341152 0.276691 0.827183 0.013002 1.453534 -0.264657 2.720169
0.625667 0.051818 0.938134 1.035433 0.384239 0.714000 0.473238 -0.072829 -0.846794 -1.514847 -0.446515 0.856399 0.214094 -1.245739 0.173181
0.385317 -0.149413 0.726694 0.020104 0.388468 0.357787 0.560785 1.083051 1.053802 -1.377669 -0.937825 0.515035 0.513786 0.515048 3.852731
0.570891 0.224544 0.620310 0.234589 0.607480 0.758969 -0.772825 -0.236819 -0.485364 0.081874 2.314659 -1.867265 0.686260 -1.612716 -0.471932
1.088951 1.073779 1.296805 0.718158 0.982657 -0.730367 0.216459 0.045572 -0.651600 2.143944 0.633919 -2.025143 0.186454 -0.661786 0.852433
-0.792521 -1.010568 -1.051751 -0.302544 -0.850506 -0.334501 -0.474945 -0.653329 1.765454 0.404982 -1.260884 0.917862 2.122156 1.032465 -1.519370
-0.484234 -1.188611 -0.496298 -0.276623 -0.424210 -0.926930 -0.059525 -3.241267 -1.024388 -0.252568 -1.247783 1.632411 -1.430141 -0.440044 0.130741
1.441273 0.873544 0.788300 0.621104 1.367320 0.462103 0.199060 -0.600217 0.069802 -0.385314 0.113517 0.662131 1.586017 -1.237815 2.133033
-1.952088 -1.200939 -1.150018 -1.526112 -1.098067 -0.208122 -0.493001 -0.589365 0.849602 0.357015 -0.692910 0.899600 0.307300 0.812862 0.629629
-0.828995 -0.220218 -0.895339 -0.762503 -0.992154 0.117327 1.277665 -0.591571 0.547097 -0.202193 -0.217681 1.098777 0.825416 0.813510 1.305479
0.021004 -0.124246 0.241951 -0.008464 0.120147 0.096996 0.595157 -0.818221 2.092387 -1.006017 -1.214189 1.158111 0.791663 0.624120 0.628346
-0.012247 -0.132001 0.402588 0.119180 -0.602040 -0.147057 -0.825497 -0.321386 0.412931 -0.563725 -0.822220 0.243687 0.244967 -0.506943 -0.471038
0.232050 0.508605 0.370996 0.287897 0.176515 0.310908 1.475356 0.857660 -0.159939 -0.019016 -1.002529 -0.018513 -0.288659 0.322719 -0.827231
0.519347 -0.197380 0.448668 -0.169261 0.932873 -0.401220 0.224092 0.012592 0.097676 -0.773010 0.024510 0.497998 1.451144 0.959271 2.153182
-0.767348 -0.653700 -0.833505 -0.217961 -0.821511 -0.839722 -0.599393 -2.123896 -0.525755 -0.759133 0.150394 0.341756 1.876171 0.950424 -0.576904
-0.898415 -0.571763 -0.882946 -0.553120 -0.879187 -0.469176 -1.713135 1.353872 -0.114540 1.237816 -1.594428 -0.599375 0.005244 0.046981 -0.450065
0.622850 0.570761 0.810881 0.851355 0.665204 0.711615 -1.124642 -1.534114 1.277677 0.332314 -0.748487 1.551152 0.115675 1.179297 0.067518
2.060748 1.289582 1.676328 1.575783 0.979683 1.368632 -0.964923 0.686051 1.058424 -1.758739 -1.183259 -2.039232 -0.269407 0.717542 1.502357
0.074095 0.062199 0.040160 0.382263 -0.137960 0.384065 -0.032695 -2.067442 -0.089120 -1.304470 0.669673 0.366598 -0.939880 -0.513867 -1.059214
-0.062679 -0.790374 -0.169248 0.096088 0.135057 -0.792873 -0.107030 -1.035242 -0.553649 -1.197878 1.964725 0.035264 -0.699726 0.213980 -0.112328
-0.220970 -0.352153 -0.762421 0.249189 -0.344964 -0.275052 -2.301921 -1.515191 1.366874 1.644968 -0.249036 0.576557 0.311250 3.078881 1.119575
-0.127918 0.046510 -0.410798 0.067133 -0.160333 -1.422254 -0.646573 -1.081548 1.687142 0.881640 -0.007973 1.479944 0.077368 -0.861284 1.523124
0.538910 0.082549 0.950663 0.347862 0.600493 0.926178 1.909417 -1.398568 0.562969 -0.650643 -0.487125 -0.592394 -0.863991 0.048522 -0.830950
0.270457 0.207015 -0.194817 0.871050 0.315784 0.755391 0.500917 -0.977555 0.099332 0.751387 -1.669405 0.543360 -0.662624 0.570599 -0.763259
-1.804882 -1.129356 -1.206574 -0.996706 -1.183372 0.638592 -1.661520 -0.066080 -1.211016 -0.651836 0.047399 -0.860413 -0.384556 1.006293 -0.576892
0.835692 0.482220 0.887218 0.757108 0.483248 -0.796895 0.577072 -0.203045 0.371146 -0.603985 0.086590 -0.155677 1.167782 0.254421 0.337603
-0.411877 -0.237175 -0.664791 -0.671205 -0.177296 0.289775 2.075401 0.871125 -0.326024 1.201214 -0.408075 -2.038125 -1.008086 -1.870792 -0.351513
0.018418 -0.275927 0.068306 -0.373599 -0.024227 -2.211135 0.235615 0.770865 -1.478586 1.143754 0.338496 -0.415288 0.632782 2.270693 0.181866
0.248221 0.111771 0.455129 0.261569 0.311096 0.071566 -0.477657 0.478980 0.333662 1.037540 -0.510016 -0.269875 -0.978764 -0.444293 0.377300
0.756989 0.712957 0.533642 0.573548 0.380812 1.876796 -0.773789 -1.244655 -1.778720 1.496044 0.654366 -0.055585 0.279969 -1.125489 2.445752
0.129221 0.137547 0.950976 -0.093782 0.035684 -0.790474 0.471468 1.882024 1.345420 1.593187 -0.511216 -0.989605 -0.125787 0.055725 1.094192
-1.692465 -1.360685 -1.685305 -1.142430 -1.481713 -1.654857 0.823171 0.073318 -1.289961 -1.295079 -0.335785 1.669022 -0.259591 -1.503143 -0.245743
-0.272724 -0.123642 0.126712 0.285682 -0.201409 1.848956 1.126565 -0.268889 -1.106526 2.573360 0.059218 0.013929 -0.024125 0.198085 -0.144360
-0.573662 -0.187180 -0.453404 -0.192943 -0.644864 0.106430 -0.254977 1.503993 -2.650970 1.091507 1.246085 -2.073390 -0.342688 -0.371441 -1.407512
-0.777817 -1.159454 -0.312896 -0.886774 -0.878686 0.721672 -1.129052 -0.524520 0.489375 -1.222128 0.712998 -0.240325 -0.374821 0.710960 0.444263
-0.360966 0.095046 -0.120284 -0.286129 -0.175078 -0.309546 0.326133 -1.251114 0.924027 -0.184902 -0.522723 1.049009 -0.704344 -1.408461 -1.556629
0.606010 0.323331 0.204260 0.182717 0.488029 0.211017 -0.096713 -0.544919 0.399136 -0.037635 1.103302 0.114228 0.150302 -0.363612 -0.056946
0.307802 0.343108 0.284160 0.099151 0.450323 -0.183983 0.018434 0.347582 -0.539760 -0.778305 0.195845 -0.978373 0.408253 -1.702584 1.029156
0.472597 0.689992 -0.226552 0.206734 0.201481 -1.840874 -1.279577 -0.624819 0.026091 0.517659 -0.725744 0.186767 -0.755383 -0.611518 -1.406661
-0.923233 -1.057765 -0.465289 -0.789557 -0.523847 2.632382 0.493318 0.184836 -0.858358 0.700310 -0.575638 0.122010 2.560085 -0.096060 1.149273
-0.703176 -0.705056 -0.402776 -0.868764 -0.326984 0.707752 -0.562467 0.632408 0.972554 0.621810 -1.570225 -0.727137 -0.247519 -0.074433 0.620672
0.177701 0.037826 0.315989 0.086094 0.257823 1.080781 0.833922 0.459180 -0.070166 -1.660961 0.429618 0.207688 0.271579 -1.276749 -1.081057
1.053153 0.502081 1.054642 0.569025 0.489511 0.938284 -0.516045 0.096121 -0.462275 -0.434496 -0.309172 0.222134 -0.478749 1.255756 -0.894607
-0.186872 0.389671 -0.020524 -1.009645 -0.086001 -1.485560 0.267050 0.889631 0.082284 1.065480 -0.517288 1.409347 2.298898 -0.362839 -0.445503
1.453384 0.760338 1.061796 1.633261 1.126611 -1.344451 -0.918652 -1.004141 -0.767798 -0.034685 0.234215 1.550500 -0.998354 0.984322 -0.213989
-0.049464 -0.201289 -0.298945 0.292006 -0.032471 0.492451 0.289169 2.455300 -0.637740 -0.530997 -0.623141 -0.555477 -0.637387 1.189017 1.420504
-0.570746 -0.338206 -0.613189 -0.512413 -1.025466 0.202923 -1.515744 1.547505 1.795878 -0.612789 -0.387702 0.285865 0.334457 0.658544 2.010205
-0.176947 -0.484508 0.232157 -0.118217 -0.075716 1.794558 -0.517611 0.223788 -0.016423 1.188393 2.526932 -0.530869 -0.489439 1.044161 0.681891
1.846707 1.173991 1.723596 0.941199 1.956454 0.820482 0.507274 1.066675 1.169296 1.382159 0.648710 -0.167118 0.146714 1.206509 -0.816936
0.368673 0.353307 0.186638 0.766788 0.150060 0.046437 -1.359856 0.746254 0.645484 2.163255 -0.307778 0.219150 0.249384 1.577453 -0.095296
0.279022 0.095457 0.209116 0.764502 -0.023108 1.073632 -1.026515 0.132970 -0.700121 1.195047 -1.523187 -0.558922 0.377212 1.565524 -0.065750
-0.555200 -0.416656 -0.660024 -0.341632 -0.276635 -0.502054 -1.021233 0.708356 0.243801 -0.564079 -1.280304 0.872457 0.650201 -0.099176 1.846637
-1.070085 -0.907859 -0.397232 -0.442000 -0.655346 -0.241236 0.352055 -1.251539 1.443765 -0.082151 1.117296 0.342725 0.456753 0.569767 0.447709
0.642723 -0.004435 0.649531 0.502492 0.807726 1.440117 -0.676392 1.800940 -0.040158 -1.430775 0.128104 -0.681052 0.840644 -0.652624 -0.446183
-1.889541 -1.226201 -0.740313 -1.723696 -1.700039 0.785800 0.425458 -0.966976 -0.047711 -0.003603 -1.158365 1.503398 0.877362 -0.220964 0.026886
0.208383 0.672348 -0.117629 0.022321 0.365282 -0.281100 1.797687 0.640843 -0.571179 0.572583 1.399355 0.924634 0.059630 -0.646937 0.698223
0.393485 0.280960 0.162037 0.315018 0.452566 1.317394 0.197600 2.075261 -0.689188 1.735964 0.197911 -0.651418 -0.483886 -0.320347 0.424166
0.522835 0.433564 0.435419 0.229621 0.323341 0.436324 0.038003 0.120031 0.613518 -1.022793 -0.257377 -1.668584 0.399223 0.647196 -0.483186
1.573987 1.309608 1.295738 1.036195 1.203397 1.683928 -0.458884 1.078681 -0.038508 -0.172627 0.883660 0.652323 -1.576392 1.476540 1.380091
-0.625563 -0.818693 -0.502594 -0.465314 -0.129057 -0.671623 -0.025554 1.172729 0.543600 -0.370614 0.771699 -2.848543 1.148766 -1.739714 -0.362441
-1.119670 -0.273015 -1.045657 -0.808032 -0.522074 -0.046921 0.477041 0.076822 -1.282992 0.996267 -0.493757 -1.556582 -0.428115 1.500760 0.850222
-0.348652 -0.183358 0.020366 -0.228379 -0.586962 0.430042 1.030283 0.238789 -0.259042 -0.196350 -0.071601 -0.037222 0.727630 0.051946 0.732640
-0.080717 0.433055 0.159839 -0.374683 0.189546 0.998010 -2.896255 2.088375 -0.139590 1.108183 -1.039906 0.612774 -1.053416 -0.623769 1.914031
-0.190682 -0.353388 -0.408360 -0.348583 -0.152884 0.364961 2.403416 -0.057619 0.201099 1.050654 1.105526 1.187030 0.638730 -1.143005 1.633432
-1.146345 -0.257023 -0.395809 -1.187817 -0.780580 0.321357 0.421921 1.613711 0.453534 -0.244157 0.964087 1.189470 -1.227608 0.597400 0.701173
-0.297564 0.024252 0.142765 0.085050 -0.186335 0.015579 -1.096275 -1.440051 1.594505 -0.846961 -0.991392 -2.153390 -0.638962 -1.323090 1.642015
1.009817 0.872784 0.747161 0.075178 0.661799 -2.499406 2.290943 -1.389572 -1.645399 1.022570 2.439752 1.384273 0.563909 0.594754 0.853416
0.758929 0.601457 0.555129 0.877327 0.888762 -0.280675 -1.692957 -0.098340 -0.988591 -1.103589 0.179894 1.392002 0.918317 -1.570501 -0.989628
0.940771 0.583981 0.824757 1.074445 0.633424 0.105376 -1.334025 -0.601368 0.319782 -1.592994 0.440475 -0.019638 0.552490 0.223914 1.364140
0.125225 0.447817 -0.170854 -0.002997 -0.248207 0.040592 -0.701992 -0.662901 -1.402605 1.749577 -1.243863 -0.692905 -0.718407 0.894924 -0.294950
1.247742 0.915527 0.882429 0.092478 0.755360 -1.187598 0.309821 0.633777 0.413799 -0.185288 -0.129821 0.043811 -0.147002 0.963879 2.210523
-0.557492 -0.980365 -1.035959 -0.498637 -0.336636 1.639117 1.677701 -0.553588 0.568983 1.628397 -0.379128 -0.203580 -0.581681 -1.014757 -0.649278
-1.223940 -1.191914 -0.593821 -0.876013 -0.487994 0.330880 0.833529 -1.993736 0.374057 1.227669 -1.209641 1.672572 0.419019 -0.705012 -0.055769
0.558327 0.335075 -0.077619 0.087649 0.571757 -1.413714 -0.111226 -0.903908 -0.735530 1.236093 1.091310 0.609138 -1.092313 -0.316408 1.213098
0.141717 0.192202 0.550228 -0.055364 -0.155959 0.133541 -0.152470 0.708109 0.956702 -0.785989 -1.331233 -1.836205 0.507991 -1.103367 -2.152891
0.388579 0.255028 0.172969 0.731064 1.017562 -0.098890 0.919076 -0.290275 0.267392 0.321698 -0.668090 0.992042 -0.174960 -0.755745 0.536510
-0.898468 -0.263236 -0.692428 -0.429449 -0.549495 -0.025027 0.817766 1.390208 0.557810 0.010353 -1.311836 -1.065114 -0.305225 -0.609512 -0.186971
0.056650 -0.545676 -0.148665 -0.237714 0.422272 -1.975467 -0.939335 -0.144088 -1.209695 0.599929 1.530751 1.218762 -0.213443 1.490726 0.148667
-0.337086 -0.192884 -0.322372 -0.715240 -0.281475 0.160574 0.003046 0.436938 1.190646 0.949554 -1.484898 -2.553921 0.934320 -1.366879 -0.224765
-1.170113 -1.364473 -0.393520 -0.917184 -0.659071 -2.591042 -0.546244 0.391804 -1.478912 0.183360 -0.015310 0.579291 0.119580 -0.973069 1.196572
-0.158530 0.116943 -0.857313 -0.175008 0.140870 -0.172946 1.711708 -1.371901 -1.613561 1.471170 -0.209324 -0.669073 1.039905 -0.605616 1.826010
0.677926 0.446210 0.857638 0.623408 0.840007 0.299293 1.301741 1.561511 0.032004 -0.753418 0.459972 -0.677715 2.013387 0.136535 -0.365322
0.184680 0.255159 0.230683 -0.031319 0.446487 -1.046911 0.536653 1.185704 0.718953 0.996048 -0.756795 -1.421811 1.501334 -0.322680 -0.250833
1.328194 0.670571 0.567629 1.083186 1.191395 0.927840 0.057013 0.268592 1.528468 0.507836 0.538296 1.072507 -0.364953 -0.839210 -1.044809
-1.966357 -0.992610 -1.699043 -0.795903 -1.470976 0.307407 0.815737 0.860473 -0.583077 -0.167122 0.282580 -0.248691 1.607346 0.490975 0.734878
0.662881 0.776534 0.966935 0.708667 0.292493 -0.651357 -0.528617 0.586364 1.238283 0.021272 0.308833 1.702215 0.240753 2.601683 0.565510
-1.760763 -1.057471 -1.516186 -1.246960 -1.132752 -0.138456 -1.224298 -0.209023 -0.850520 -0.580523 0.588578 1.669905 0.394672 -1.195883 0.444603
1.196631 0.798787 0.491637 0.782697 1.117580 0.648280 -0.120948 0.419532 -0.887492 -0.437458 0.722381 -0.372833 1.726964 -0.399636 0.224685
0.932591 0.826771 0.994008 0.545812 0.585997 -0.551858 2.558199 -0.564248 0.184551 1.542110 2.006093 2.061504 1.208366 1.024063 0.592527
0.778361 0.332785 0.646419 0.899045 0.864404 -0.453228 0.696387 0.955305 0.088407 1.477530 -1.141689 -0.193659 -0.716822 -1.866537 -0.082681
-0.121748 0.171443 -0.366601 -0.273417 0.350562 1.221034 0.582098 -0.226484 -0.959439 -0.372207 1.088749 1.884586 1.543244 -0.488849 -1.119617
0.140886 0.593465 0.163608 0.112187 -0.176276 -1.594703 0.513600 -0.532701 -1.169917 -2.872262 -0.027515 1.772252 1.661259 -0.457096 -0.602212
0.468774 0.649325 0.020416 0.343501 0.077066 -0.100154 -0.203674 -0.877983 -0.826880 -0.226479 0.367366 0.913585 -0.803179 1.492689 -0.271124
-0.021367 -0.233838 0.315289 -0.165492 -0.057070 -0.281328 0.066991 0.515939 -1.562546 -0.529053 0.794265 -1.254289 0.293558 -1.356582 0.466430
-0.035641 0.083476 0.293462 -0.436689 0.067335 0.200569 1.148637 -1.015822 0.061680 0.428817 0.693106 0.176442 -0.367028 -0.827590 0.086144
-1.072139 -1.138440 -0.590895 -0.653605 -0.907867 -1.009731 0.619154 2.057495 0.020794 -0.728003 -0.182896 1.374876 -0.645964 -0.799192 -0.482744
-0.953329 -0.495613 -0.558832 -0.685631 -0.261669 -0.291811 -1.563191 0.883110 -0.077837 -0.180480 3.193108 0.298753 -0.751791 -0.426358 1.148446
0.113270 0.214470 0.607646 0.229361 0.206509 1.080048 -0.447322 1.281016 0.067856 0.852774 0.484733 -0.846357 -0.643550 1.029961 -0.334775
-0.403648 -0.843499 -0.282648 -0.442634 -0.270720 0.024219 1.412221 -0.079641 0.452372 -1.062394 0.428307 -0.187144 0.985730 1.187386 2.589564
0.579633 0.057208 0.051181 0.771990 -0.025030 -0.295401 0.168461 1.317598 -1.006543 1.139879 1.317115 -0.118069 -2.121855 -0.607822 1.296995
-0.022868 -0.100949 0.118835 -0.279040 -0.410752 -0.238932 -0.366824 -0.391758 -0.922410 1.615376 -0.322320 1.217159 1.521316 0.998311 -0.431620
0.403730 0.192353 0.908425 0.796223 0.366914 1.187679 -0.464617 0.201160 0.283288 -0.258905 0.586694 -0.474904 0.871297 -1.345980 0.126380
1.938929 0.994407 1.052822 0.832959 0.717472 0.350630 0.489187 0.634721 1.109700 0.409819 -0.241258 0.672574 1.899882 -0.132634 -0.974529
1.107081 0.891650 0.666518 0.905387 1.078748 -0.090533 0.331980 0.190500 0.709452 -0.435486 0.513106 -0.259547 0.738810 0.615367 -0.935439
1.085982 0.835630 0.885121 0.902817 0.712741 -0.223466 -0.349317 -0.019420 -0.303180 0.799942 -1.616311 -1.053682 -1.067803 0.950308 1.710613
-0.104449 -0.131395 -0.089286 -0.311782 0.899813 0.238369 0.975198 0.501094 0.189582 1.001046 -2.703232 0.677875 -0.654076 -1.830633 0.511203
1.373659 0.734824 0.666870 1.088879 1.653936 1.639965 0.742127 0.075434 -1.601966 -0.246062 -0.843247 2.170943 -0.175886 0.123205 0.551485
0.043602 0.345134 0.367079 0.414377 -0.023913 -1.320023 -0.611769 -0.037037 -0.429302 -0.692421 -1.406317 -0.083106 -1.504720 0.760056 0.082440
-1.457551 -0.523664 -0.324274 -1.685332 -1.052187 -1.875172 0.115026 -0.160133 0.671340 0.213197 -0.751969 -0.319054 -0.796026 1.076007 0.021312
1.901191 1.185765 1.389673 1.481657 1.629508 -1.584136 0.267127 0.508725 -1.581191 0.895038 -0.483061 0.146793 1.612221 0.896839 -0.268531
-0.891192 -0.807485 -0.895055 -1.371816 -0.112883 -0.131257 0.076852 -0.224856 -0.650003 0.168655 0.441941 -1.090399 1.410932 -0.098588 0.018850
0.708214 0.643112 0.031062 0.206051 0.004341 0.361504 -1.143726 0.108560 -0.033230 -0.208117 -0.128538 -1.881849 -0.548725 0.092845 0.159856
-1.027675 -0.826781 -0.641980 -0.230623 -1.255285 -0.646227 1.775311 -1.193637 0.919154 1.000582 -0.670620 1.392465 -0.250047 0.288694 0.260322
-0.134309 -0.135835 0.237147 -0.268551 -0.280627 -1.662492 1.032546 1.126705 -1.090966 -0.410814 -1.105705 -0.214921 -0.308034 0.779661 1.310309
1.395684 1.198875 1.119529 0.624815 1.151800 0.964852 1.615583 -1.234349 -0.592464 -0.026406 0.280161 -0.809604 0.424061 -0.473839 -0.014452
0.546284 -0.190408 0.381678 0.323018 0.531461 -0.370011 -0.258796 1.598647 0.560919 -0.295480 0.696954 -0.333819 1.173125 0.369642 -0.107302
0.447717 0.708893 0.136620 0.933774 0.634333 1.732515 2.231300 0.638051 0.500844 -1.801058 -0.542674 -0.787784 -0.620848 -0.168144 -0.472091
-1.979300 -1.363706 -1.713159 -1.935015 -1.745419 -0.919385 -2.530288 -0.286004 1.100960 1.958347 -1.229550 0.496699 -0.465310 -0.105948 2.644343
-1.502970 -1.175527 -0.801654 -1.367472 -1.746922 0.308051 -0.391649 0.269127 -0.343192 0.621572 -0.369610 0.377100 -0.029263 1.126050 -0.051394
-1.773032 -1.267893 -0.966991 -0.791893 -0.983718 1.374438 -2.135674 3.137749 1.056057 0.223239 -0.054894 0.285554 0.521122 0.645216 0.555604
0.089581 0.051435 -0.401012 0.620017 -0.185752 0.593557 -2.940389 0.655901 0.194736 -0.018709 -0.388518 1.124113 0.947526 -0.772878 0.407052
-0.971657 -1.199520 -0.203208 -0.711189 -1.285706 0.513085 0.725096 0.516178 -0.641482 0.431923 0.800410 0.754291 1.188913 0.708304 0.351448
1.070150 1.197587 0.921327 0.377389 0.792624 -0.675178 -0.144519 -0.792420 -0.307962 -1.893615 0.213294 0.001205 -0.817089 0.659246 0.937570
-1.607560 -1.112894 -0.705414 -0.496539 -0.887339 -0.193826 -0.264515 -2.003862 0.635418 -1.239258 0.059933 0.277377 1.360659 -1.308820 -3.019512
0.183850 0.261595 -0.273944 0.607027 0.092078 0.807123 -0.973546 0.476358 0.505470 1.060210 2.759660 0.392416 -0.508964 -0.025574 -1.769076
-0.694713 -0.200834 -0.896046 -0.282615 -0.623654 1.121031 0.000207 -0.009300 -0.327895 0.155191 0.825098 -0.867130 -0.658116 -0.303726 -1.345871
-0.819258 -0.879829 -0.618171 -0.817201 -0.621289 0.850898 -0.137372 0.390465 -0.103222 0.265362 -0.582759 -2.438817 -0.134279 1.422748 0.926215
0.965397 0.817820 0.826614 0.661069 0.564603 -0.316073 0.615771 1.203884 -0.139446 -0.450189 0.000528 0.601207 -1.443855 -2.296181 -0.550537
-1.220712 -0.934791 -0.315590 -0.902607 -1.258913 0.326745 0.300474 0.622207 -1.138833 1.039112 -0.075764 0.670481 -1.071857 -1.553759 0.817890
0.376410 0.517518 0.475310 0.362742 0.049082 1.642673 -0.900621 0.638392 -0.328618 0.603187 -0.544114 -0.162793 0.040919 -1.002187 0.740824
-0.513214 -0.997418 -0.432054 0.076051 -0.202866 2.412615 0.784604 -0.019260 -0.262891 0.022466 0.547119 -1.180813 1.114322 0.715381 0.718186
0.438476 0.277205 -0.000978 0.570758 0.403437 -0.573602 0.101856 1.549020 -1.239107 -1.467525 0.164761 0.050888 0.173342 0.243953 -0.223202
1.489863 0.862058 1.411905 0.719692 1.093322 -0.175854 1.661470 0.020886 0.230701 -1.260165 -0.616361 -0.375196 -0.317715 1.281644 0.557691
-1.111458 -0.648342 -1.067432 -0.365072 -1.076565 -1.015094 -0.810858 -1.257578 -0.234020 0.466358 0.987335 -0.075951 -0.319848 0.151758 -0.835143
2.089539 1.603690 1.951218 1.556617 1.408226 -0.190039 -0.357445 -0.180392 1.372848 -2.211862 1.533434 -1.423957 -0.266652 -0.429244 0.588553
-1.598124 -1.330975 -1.204002 -0.912567 -1.771807 -0.661982 0.425887 0.019148 -0.641487 0.487872 1.804348 -0.190904 0.719758 -1.293273 -0.956436
0.472406 0.117032 0.807859 0.770647 0.384227 -1.250408 0.604515 0.882333 -0.452090 -0.470042 0.265878 -0.436720 -0.066133 2.099722 -0.247026
-0.358340 -0.284038 -0.047159 -0.584312 0.177819 1.321304 1.419603 -0.600424 -1.866540 1.007514 -0.684630 0.790626 -1.970104 0.892597 -1.211172
0.730764 0.242542 0.470436 0.500787 0.069295 0.105894 0.584413 1.976441 -1.564242 1.617213 0.104356 -0.898784 -1.330314 -0.189120 0.921650
-0.127549 0.163311 -0.245103 -0.248721 -0.265063 0.363632 0.886887 -0.420762 -2.604214 0.198948 0.436739 0.404295 1.235782 -1.071054 0.680216
1.192508 0.723993 0.732483 0.364397 0.933487 0.347676 -0.487229 -0.675708 0.034152 -1.087246 -1.085825 0.679373 -1.148794 0.666313 0.462591
-1.725807 -2.080161 -1.079570 -1.104052 -0.832212 0.462061 0.783391 -0.251539 -0.597510 1.422370 1.738900 0.978858 0.085318 -0.808266 -0.830444
0.522514 0.253313 0.388907 1.119227 0.231292 1.051948 -0.998061 -0.383971 0.250200 1.995667 3.109919 0.606723 -0.183197 0.534506 0.887655
-0.320668 -0.536030 -0.402611 -0.776491 -0.432142 0.421587 0.838941 -0.617253 -0.558302 -1.100154 0.439501 0.778937 0.457773 1.674492 -0.005596
0.668742 -0.021264 0.418430 0.458435 -0.122558 -0.293967 -0.071599 -1.517874 -0.357029 0.890383 0.575205 0.500666 0.049774 0.007063 -0.660321
0.698828 0.117952 0.512753 0.681343 0.520211 1.097153 -0.478837 -0.862776 0.693479 -0.392013 1.059936 0.617006 0.683569 -1.365956 1.211944
0.261251 0.215698 -0.455745 0.219799 0.795498 -1.029372 -1.352670 -1.522359 1.112688 -0.629263 1.533728 -0.535801 -1.707358 -1.116524 1.235812
-0.155898 0.289464 0.028322 -0.143067 -0.025921 1.448499 -0.359769 -1.326048 -0.413465 0.260281 -0.963759 -0.957151 0.343788 -0.048652 0.032797
-0.758495 -0.436991 -0.824863 -0.920712 -0.537630 -1.846188 -0.929511 -1.496529 -0.650024 -0.083438 -1.449645 -0.921860 -1.003957 0.207267 0.069344
-0.721738 -0.687167 -0.851216 -0.435380 -0.408592 1.340461 -1.299581 0.829732 0.811397 -1.148263 0.818778 1.537932 -1.122545 -0.917503 1.017661
0.271495 0.326818 -0.316157 -0.036982 0.186719 1.047318 1.169590 -0.229391 -0.043477 -1.531108 0.514255 0.572057 -0.062191 1.124353 -0.334077
0.564606 0.257497 -0.142944 -0.261752 0.151320 -0.369527 -0.131473 0.826047 -0.436764 -1.606577 1.749584 1.381454 -1.292263 0.689708 -0.502975
0.263487 -0.023939 -0.222193 0.542819 0.431425 -0.916192 -0.831822 -0.067178 -0.715760 0.682052 1.487246 -0.580053 0.239405 0.499685 0.472002
0.075955 -0.293140 -0.159538 0.340684 0.120897 0.887291 -0.763286 0.037938 0.683329 -0.209314 1.072978 2.363872 -0.785986 -1.381045 0.303819
0.721563 -0.020455 1.091071 0.520592 0.510378 -0.605861 1.719378 1.992515 -0.766657 -0.549557 0.859588 -0.387131 -0.045411 0.025388 -1.919673
-0.013838 -0.126664 -0.167450 0.059036 -0.302296 0.813205 -0.278963 -0.279760 0.790372 0.340051 0.570613 0.968185 -0.331308 -0.612237 -1.085151
-0.825411 -0.530371 -0.524462 -0.255492 -0.186735 0.481866 0.547265 0.548884 -0.254956 -0.125454 0.327880 0.085893 -2.219300 -0.229800 -0.851406
0.175211 0.093661 0.242792 0.189950 0.322059 0.482688 0.420094 0.606851 2.056544 -1.130888 0.473632 -0.926381 0.555513 -0.918687 -0.417367
-0.295090 -0.331353 -0.167243 0.064642 -0.372439 -0.709580 -1.258505 -0.217017 -0.308483 2.426716 0.432960 -1.377618 -0.564774 1.021383 2.088443
-1.585983 -1.393912 -1.133421 -1.199433 -0.809641 0.534629 -2.635748 0.003376 0.327821 0.924270 -1.013896 0.085687 -0.925425 0.255384 -0.895346
-0.408101 -0.103197 -0.644259 0.107925 -0.434942 0.038238 -1.448591 -0.299677 -0.050205 2.620793 -1.111967 1.464177 0.996859 0.280636 1.758620
0.372105 -0.134666 0.695752 0.356710 0.025873 -0.625677 -1.319247 -0.202981 -0.800039 -0.063525 1.237438 -0.457302 -0.042823 0.058023 0.848431
-2.246889 -1.340014 -1.030664 -1.514607 -1.800733 -1.876553 0.619711 -0.635362 -1.189667 -0.624345 -0.184525 -0.604745 -2.205566 0.897066 1.274875
0.651522 0.155400 -0.048732 0.075047 -0.075255 0.668340 -0.734174 0.081996 0.457280 1.455822 0.704507 0.789057 0.083827 1.410459 0.409763
-0.861088 -0.828492 -0.909970 -0.516675 -0.461299 0.296576 0.463185 0.197292 0.311309 1.699957 1.071543 0.190636 0.941311 -1.032524 0.397927
1.809306 0.826479 1.182571 1.016928 0.717171 -0.784762 -0.370508 -1.405567 0.015618 0.902277 -0.907756 1.519284 0.510792 1.030581 -0.657835
0.854525 0.447747 0.308806 0.406683 0.229635 -1.175595 -0.895070 0.597228 -0.948348 0.463206 -1.367138 0.848174 -1.232523 0.552300 0.625631
-0.696772 -0.195147 -0.335951 -0.732353 -1.110417 -1.962626 0.349650 -1.564803 0.095344 -0.263448 0.679143 -0.302045 -0.329448 0.731871 0.335058
0.316156 0.375998 0.002828 -0.098561 0.195488 -1.016683 -0.244080 -0.039307 -0.134497 0.333860 1.431367 1.081767 -1.312219 0.622070 1.328933
0.386809 0.564293 0.920283 0.908197 0.225670 1.045088 0.144888 0.023903 -0.351414 1.563413 -0.818429 1.532368 0.499864 -1.399306 0.367649
-2.100027 -1.313376 -1.112854 -1.070617 -1.568027 1.954157 -0.505747 -1.058908 1.481663 1.962587 0.003696 1.011463 1.341476 -0.742484 -0.485306
1.230875 0.530511 0.925384 1.437722 0.548839 -0.530971 -0.335138 0.342338 1.554160 0.853976 0.414866 0.463289 0.043515 0.558140 -2.529560
-0.296607 -0.306862 0.100471 -0.574494 -0.559295 1.755476 1.573020 -0.465806 -0.150838 -0.073948 -0.451659 0.195025 -0.758282 -1.130615 0.622711
0.629530 0.206611 0.772441 0.462047 0.579982 0.820344 -0.033613 0.454741 -0.516430 -0.196467 -0.205859 -0.746578 -0.176774 -1.548618 -0.491154
-0.284875 0.199760 -0.368597 -0.587465 -0.364578 0.874517 -0.649765 -1.203201 -1.042044 -0.487203 -0.351921 -0.769996 -1.296117 -0.456121 0.181427
0.595029 0.057484 0.171655 0.207812 0.511428 -0.848429 0.573128 -1.785866 -0.359630 0.301107 0.183835 2.693034 0.349800 -1.004055 -0.095464
-1.776246 -0.975263 -1.219930 -1.518811 -1.508947 -0.116766 -0.635558 1.738851 -0.321243 1.832557 0.814152 0.482067 0.368733 0.393797 -1.927673
-0.278883 0.072668 0.063272 0.176657 -0.140900 1.704106 1.246892 -0.062004 0.951449 -0.366507 -1.703872 -0.924466 1.562889 -0.273993 -0.243384
-0.299838 0.338999 -0.168169 -0.328756 0.181097 0.295624 -1.516643 1.476934 -1.167780 0.216776 -1.097303 -0.588867 -0.837262 -0.607875 -0.539123
-0.548269 -0.506694 -0.856887 -0.063274 -0.207938 -0.513196 -0.717919 -0.230525 1.179725 0.194108 -0.531214 0.483877 -1.102292 0.681360 0.408607
-0.307808 -0.001769 -0.456313 -0.034230 -0.339190 -0.637308 0.458387 -2.087027 -0.584618 -0.031059 -0.909683 -0.936506 -0.667780 0.292193 -0.187329
-2.238231 -0.882266 -1.588954 -0.875670 -1.489602 -0.499730 -0.526248 1.388338 -0.385022 0.382989 0.141257 -2.130566 0.768207 0.215397 0.508269
3.926238 2.563074 2.725667 2.304533 2.676167 -0.045512 -0.424236 -0.569833 0.329509 -1.517174 0.750579 -0.416194 -1.130069 -0.450013 1.257149
-0.535335 -0.835247 0.217028 0.003035 -0.372371 1.848609 -0.175564 0.668655 0.098068 1.295872 -0.718832 0.745005 -0.194697 -0.064188 0.091752
0.252240 -0.387435 -0.239228 0.520501 0.078885 0.869155 -0.455540 -0.889241 0.955301 0.876047 1.472671 -0.603981 -0.229549 -1.639484 -0.392471
0.996571 0.911413 0.849276 0.405586 0.648299 -1.147691 0.085209 -2.991136 -0.186896 -1.630473 1.205995 0.777407 0.466671 1.521006 -0.948917
1.747363 0.658209 1.669888 1.525294 1.286782 -0.824514 -0.608590 -0.528978 -1.056558 1.223083 -0.258854 0.352505 -0.570351 -1.820603 0.270057
-1.912255 -1.450274 -0.657144 -1.237735 -1.636586 0.105754 1.263707 -0.846316 0.543479 0.199810 0.264020 1.272354 0.732492 0.288724 -1.654887
-0.960046 -0.540838 -0.793352 -0.740275 -0.976796 1.516394 0.602118 0.072037 -0.212209 -0.951918 0.077481 0.257753 -1.241761 0.334176 -0.155259
