0.496714 -0.076911 0.585009 0.415938 0.055295
-0.234137 -0.290089 -0.436712 0.228247 0.072230
-0.463418 -0.427207 0.096446 -0.806637 0.023186
-0.562288 -0.634284 -0.814157 -0.338211 -0.639806
1.465649 0.977568 1.202011 1.103919 1.314967
0.110923 0.198861 0.734783 0.312193 0.201480
-0.601707 0.144661 -0.718356 -0.792280 -0.174577
-1.220844 -0.802217 -1.024480 -1.250728 -0.285553
0.738467 0.594192 0.546822 0.673509 0.443310
-0.719844 -0.526225 -0.654934 -0.414796 -0.730012
0.324084 -0.348773 -0.238340 0.302007 -0.039996
0.931280 0.643942 0.672465 0.755831 0.407153
-0.479174 -0.317353 -0.654113 -0.539429 -0.358552
1.356240 1.688341 1.091446 1.019044 1.051714
0.361396 0.195269 -0.022850 0.340899 0.335984
0.821903 0.665796 1.040312 0.361026 0.823487
-0.219672 -0.164184 -0.388746 0.405962 -0.149870
-0.501757 -0.701833 -0.447848 -0.209080 0.084830
0.097078 0.410801 0.312009 -0.289437 -0.011443
-1.463515 -0.798881 -1.393720 -0.827494 -0.208410
