0.496714 -0.138264 0.647689 -1.439688 -0.921278 2.114244
1.523030 -0.234153 -0.234137 0.687237 -3.526080 0.648168
1.579213 0.767435 -0.469474 -0.770165 -1.353844 1.223353
0.542560 -0.463418 -0.465730 2.061999 1.862560 -1.678435
0.241962 -1.913280 -1.724918 -0.618425 0.662527 1.951090
-0.562288 -1.012831 0.314247 -0.958348 -0.371318 -2.212670
-0.908024 -1.412304 1.465649 -2.392413 1.625052 2.712480
-0.225776 0.067528 -1.424748 -0.144020 2.007066 0.723272
-0.544383 0.110923 -1.150994 -1.290240 0.722791 3.076073
0.375698 -0.600639 -0.291694 -0.071652 3.129287 -5.239490
-0.601707 1.852278 -0.013497 1.643805 0.174094 -0.598015
-1.057711 0.822545 -1.220844 0.183522 -3.975138 -0.439344
0.208864 -1.959670 -1.328186 0.714225 2.955788 -1.036540
0.196861 0.738467 0.171368 -1.616987 -1.003514 1.830804
-0.115648 -0.301104 -1.478522 0.657502 -1.059520 1.026535
