0.049671 1.011092 0.064817 0.123285
0.486174 0.750926 0.089650 0.879082
0.930794 0.537570 0.197949 0.821174
1.152303 -0.060064 0.622335 0.013764
0.842610 -0.529169 0.872867 -1.164161
0.476586 -0.926196 1.019589 -0.898976
0.157921 -0.814772 0.832156 0.053567
-0.423257 -0.867375 1.104824 1.087710
-0.912973 -0.605771 1.399586 0.788285
-0.945744 0.082254 1.695109 -0.121274
-0.912367 0.377916 1.570832 -0.941289
-0.546573 0.886912 1.796202 -0.728715
0.024196 0.804033 1.778733 0.049313
0.308672 0.733207 1.927425 0.786561
0.693534 0.519686 2.495838 0.943016
0.943771 0.073847 2.771248 0.014562
0.764742 -0.482863 2.652265 -0.720729
0.531425 -0.877590 3.034040 -0.971333
-0.090802 -1.030110 3.072327 -0.049149
-0.641230 -1.013878 3.037643 0.807209
-0.719461 -0.571984 3.405612 0.646498
-1.022578 -0.046064 3.807607 0.044418
-0.859273 0.605712 3.659501 -0.826867
-0.642475 0.900387 4.146262 -0.865258
-0.054438 0.823696 3.476051 -0.035188
