-3.656355 0.341287
-0.873937 0.583799
5.841608 2.115677
3.264878 1.304761
6.521703 0.679042
3.351614 -0.403065
-0.066720 0.667299
2.597922 -0.931142
2.903820 1.542062
-0.849710 1.999807
-0.549655 -1.909215
0.565661 -1.998035
2.579702 -1.851960
0.649021 0.711354
-4.149259 4.363535
1.954818 2.180013
1.100212 2.589583
-0.852241 -0.039593
0.339387 0.486679
-2.208557 0.630124
0.979179 -0.173914
-2.041342 0.775726
-9.390661 0.270701
-2.766058 -1.912436
4.778624 -0.799894
3.756655 -1.037321
-2.850053 0.135495
1.059656 0.160512
-0.693125 -0.286576
0.886725 -2.292983
-0.423561 -0.315729
0.327914 1.412392
-0.345224 0.600091
0.301579 2.695527
-1.714261 -0.939876
0.184510 -1.965925
0.804038 -0.741403
3.111759 1.516284
2.015097 0.352984
2.587074 0.825295
-2.619342 2.331617
-5.123306 -3.318874
-2.133388 1.505888
2.915568 -0.436897
9.400293 -0.513514
2.908246 -1.302634
0.122156 -1.621034
4.132092 -1.808874
-2.867645 1.786655
-5.031042 -1.027137
