1.2 2.3 3.4 4.5 5.6 6.7 7.8 8.9 9.1 10.2
2.1 3.2 4.3 5.4 6.5 7.6 8.7 9.8 10.9 11.1
3.3 4.4 5.5 6.6 7.7 8.8 9.9 10.1 11.2 12.3
4.2 5.3 6.4 7.5 8.6 9.7 10.8 11.9 12.1 13.2
5.1 6.2 7.3 8.4 9.5 10.6 11.7 12.8 13.9 14.1
6.4 7.5 8.6 9.7 10.8 11.9 12.1 13.2 14.3 15.4
7.3 8.4 9.5 10.6 11.7 12.8 13.9 14.1 15.2 16.3
8.2 9.3 10.4 11.5 12.6 13.7 14.8 15.9 16.1 17.2
9.1 10.2 11.3 12.4 13.5 14.6 15.7 16.8 17.9 18.1
10.3 11.4 12.5 13.6 14.7 15.8 16.9 17.1 18.2 19.3
11.2 12.3 13.4 14.5 15.6 16.7 17.8 18.9 19.1 20.2
12.1 13.2 14.3 15.4 16.5 17.6 18.7 19.8 20.9 21.1
13.4 14.5 15.6 16.7 17.8 18.9 19.1 20.2 21.3 22.4
14.3 15.4 16.5 17.6 18.7 19.8 20.9 21.1 22.2 23.3
15.2 16.3 17.4 18.5 19.6 20.7 21.8 22.9 23.1 24.2
16.1 17.2 18.3 19.4 20.5 21.6 22.7 23.8 24.9 25.1
17.4 18.5 19.6 20.7 21.8 22.9 23.1 24.2 25.3 26.4
18.3 19.4 20.5 21.6 22.7 23.8 24.9 25.1 26.2 27.3
19.2 20.3 21.4 22.5 23.6 24.7 25.8 26.9 27.1 28.2
20.1 21.2 22.3 23.4 24.5 25.6 26.7 27.8 28.9 29.1
